  3.4000000e+001
  8.9000000e+001
  3.1000000e+001
  1.0200000e+002
  9.6000000e+001
  1.0000000e+002
  3.1000000e+001
  7.0000000e+001
  9.0000000e+001
  1.0000000e+002
  9.7000000e+001
  8.9000000e+001
  3.5000000e+001
  1.1500000e+002
  9.7000000e+001
  9.3000000e+001
  8.8000000e+001
  4.5000000e+001
  8.8000000e+001
  9.4000000e+001
  1.1000000e+002
  9.0000000e+001
  8.6000000e+001
  8.8000000e+001
  1.0200000e+002
  9.0000000e+001
  9.0000000e+001
  9.7000000e+001
  2.2000000e+001
  1.3500000e+002
  7.2000000e+001
  1.0000000e+002
  8.9000000e+001
  4.6000000e+001
  9.7000000e+001
  8.5000000e+001
  1.0500000e+002
  9.2000000e+001
  1.8500000e+002
  1.1000000e+002
  1.8800000e+002
  2.9000000e+001
  8.9000000e+001
  8.7000000e+001
  9.0000000e+001
  8.9000000e+001
  1.1500000e+002
  8.6000000e+001
  1.1500000e+002
  8.9000000e+001
  9.2000000e+001
  9.0000000e+001
  2.9000000e+001
  8.6000000e+001
  1.2400000e+002
  9.3000000e+001
  9.2000000e+001
  1.0800000e+002
  2.0000000e+001
  1.0000000e+002
  9.7000000e+001
  8.9000000e+001
  3.1000000e+001
  1.2400000e+002
  8.8000000e+001
  1.0000000e+002
  1.0000000e+002
  1.0000000e+002
  7.5000000e+001
  9.9000000e+001
  8.8000000e+001
  9.6000000e+001
  9.0000000e+001
  3.5000000e+001
  1.2500000e+002
  8.4000000e+001
  1.0200000e+002
  8.8000000e+001
  3.5000000e+001
  9.5000000e+001
  1.2200000e+002
  9.2000000e+001
  8.8000000e+001
  1.0000000e+002
  9.3000000e+001
  2.9000000e+001
  8.9000000e+001
  9.6000000e+001
  8.7000000e+001
  9.5000000e+001
  8.4000000e+001
  1.3500000e+002
  8.6000000e+001
  2.2000000e+001
  9.5000000e+001
  4.4000000e+001
  3.4000000e+001
  8.9000000e+001
  1.0000000e+002
  8.8000000e+001
  2.7000000e+001
  9.6000000e+001
  9.3000000e+001
  1.4200000e+002
  3.1000000e+001
  2.3000000e+001
  9.9000000e+001
  8.7000000e+001
  8.7000000e+001
  6.7000000e+001
  2.3000000e+001
  8.7000000e+001
  8.9000000e+001
  3.5000000e+001
  9.9000000e+001
  1.2100000e+002
  1.5000000e+002
  9.7000000e+001
  9.6000000e+001
  3.5000000e+001
  8.9000000e+001
  9.7000000e+001
  3.4000000e+001
  1.2500000e+002
  8.7000000e+001
  2.9000000e+001
  8.9000000e+001
  8.9000000e+001
  9.4000000e+001
  9.0000000e+001
  2.6000000e+001
  1.2900000e+002
  3.7000000e+001
  1.0000000e+002
  1.2400000e+002
  8.9000000e+001
  1.0000000e+002
  2.2000000e+001
  9.3000000e+001
  1.7800000e+002
  9.0000000e+001
  9.5000000e+001
  3.5000000e+001
  9.6000000e+001
  8.8000000e+001
  2.2000000e+001
  1.2200000e+002
  9.2000000e+001
  1.2100000e+002
  8.8000000e+001
  3.4000000e+001
  1.2500000e+002
  8.9000000e+001
  9.7000000e+001
  9.2000000e+001
  9.7000000e+001
  2.7000000e+001
  3.4000000e+001
  9.7000000e+001
  9.0000000e+001
  7.0000000e+001
  3.1000000e+001
  3.0000000e+001
  1.0000000e+002
  8.9000000e+001
  1.2400000e+002
  9.2000000e+001
  1.3500000e+002
  8.8000000e+001
  3.4000000e+001
  9.0000000e+001
  8.9000000e+001
  9.4000000e+001
  9.5000000e+001
  2.2000000e+001
  7.0000000e+001
  9.6000000e+001
  9.4000000e+001
  9.0000000e+001
  9.0000000e+001
  7.0000000e+001
  2.9000000e+001
  8.8000000e+001
  9.3000000e+001
  2.9000000e+001
  8.8000000e+001
  9.3000000e+001
  9.0000000e+001
  4.6000000e+001
  1.2500000e+002
  1.0200000e+002
  3.5000000e+001
  1.2200000e+002
  9.3000000e+001
  8.9000000e+001
  6.7000000e+001
  7.5000000e+001
  1.2700000e+002
  8.9000000e+001
  9.0000000e+001
  9.0000000e+001
  2.7000000e+001
  9.0000000e+001
  3.1000000e+001
  8.8000000e+001
  8.5000000e+001
  1.2900000e+002
  7.0000000e+001
  9.9000000e+001
  7.9000000e+001
  9.0000000e+001
  1.8500000e+002
  1.2600000e+002
  9.4000000e+001
  8.8000000e+001
  8.9000000e+001
  3.4000000e+001
  2.1700000e+002
  2.5000000e+001
  1.3200000e+002
  9.7000000e+001
  1.0000000e+002
  1.0500000e+002
  2.7000000e+001
  2.6000000e+001
  2.9000000e+001
  9.3000000e+001
  3.7000000e+001
  4.5000000e+001
  8.9000000e+001
  3.5000000e+001
  1.0000000e+002
  9.9000000e+001
  3.4000000e+001
  1.6700000e+002
  3.7000000e+001
  9.6000000e+001
  1.0000000e+002
  9.6000000e+001
  9.3000000e+001
  7.9000000e+001
  9.5000000e+001
  8.9000000e+001
  3.4000000e+001
  1.1800000e+002
  9.5000000e+001
  9.0000000e+001
  3.7000000e+001
  1.2500000e+002
  9.5000000e+001
  3.7000000e+001
  1.2500000e+002
  3.0000000e+001
  8.8000000e+001
  9.0000000e+001
  1.2400000e+002
  3.7000000e+001
  1.0000000e+002
  4.4000000e+001
  7.5000000e+001
  1.5000000e+002
  1.0200000e+002
  8.7000000e+001
  9.4000000e+001
  1.2600000e+002
  9.9000000e+001
  8.9000000e+001
  9.2000000e+001
  8.7000000e+001
  9.0000000e+001
  8.7000000e+001
  8.5000000e+001
  1.0200000e+002
  8.9000000e+001
  9.2000000e+001
  8.8000000e+001
  1.0000000e+002
  8.9000000e+001
  9.6000000e+001
  1.4900000e+002
  1.0200000e+002
  8.9000000e+001
  1.2100000e+002
  4.4000000e+001
  1.6700000e+002
  3.7000000e+001
  1.2400000e+002
  1.0000000e+002
  8.6000000e+001
  8.7000000e+001
  1.0500000e+002
  8.9000000e+001
  2.9000000e+001
  4.5000000e+001
  1.2500000e+002
  8.9000000e+001
  1.3400000e+002
  8.9000000e+001
  8.6000000e+001
  2.1700000e+002
  2.9000000e+001
  7.5000000e+001
  8.9000000e+001
  2.9000000e+001
  3.7000000e+001
  2.0900000e+002
  9.2000000e+001
  8.8000000e+001
  1.2900000e+002
  8.5000000e+001
  9.3000000e+001
  9.7000000e+001
  1.4600000e+002
  8.7000000e+001
  1.2400000e+002
  8.9000000e+001
  1.2400000e+002
  9.2000000e+001
  2.5000000e+001
  2.0000000e+001
  8.9000000e+001
  9.8000000e+001
  1.2700000e+002
  9.3000000e+001
  9.2000000e+001
  3.0000000e+001
  3.1000000e+001
  9.6000000e+001
  9.4000000e+001
  1.0200000e+002
  9.0000000e+001
  1.2400000e+002
  9.4000000e+001
  9.2000000e+001
  3.7000000e+001
  8.7000000e+001
  1.2100000e+002
  9.0000000e+001
  8.6000000e+001
  9.0000000e+001
  2.0000000e+001
  8.9000000e+001
  1.1800000e+002
  8.6000000e+001
  8.8000000e+001
  2.3000000e+001
  9.6000000e+001
  2.3000000e+001
  2.2000000e+001
  9.6000000e+001
  1.4600000e+002
  1.2200000e+002
  8.7000000e+001
  1.4700000e+002
  1.1800000e+002
  3.5000000e+001
  1.2900000e+002
  9.2000000e+001
  9.0000000e+001
  9.7000000e+001
  6.6000000e+001
  2.1700000e+002
  9.3000000e+001
  9.0000000e+001
  8.9000000e+001
  1.2100000e+002
  8.7000000e+001
  9.9000000e+001
  9.0000000e+001
  3.5000000e+001
  9.2000000e+001
  9.2000000e+001
  9.0000000e+001
  4.5000000e+001
  9.7000000e+001
  9.2000000e+001
  1.0000000e+002
  9.7000000e+001
  2.5000000e+001
  9.3000000e+001
  8.9000000e+001
  9.2000000e+001
  8.9000000e+001
  9.8000000e+001
  8.6000000e+001
  3.5000000e+001
  1.3400000e+002
  1.0200000e+002
  9.9000000e+001
  8.9000000e+001
  8.9000000e+001
  1.0500000e+002
  1.1000000e+002
  9.2000000e+001
  9.9000000e+001
  2.9000000e+001
  8.9000000e+001
  3.7000000e+001
  9.0000000e+001
  1.2100000e+002
  1.1000000e+002
  1.0000000e+002
  2.9000000e+001
  1.4300000e+002
  8.9000000e+001
  8.9000000e+001
  8.5000000e+001
  9.9000000e+001
  9.5000000e+001
  2.5000000e+001
  8.8000000e+001
  1.2600000e+002
  9.6000000e+001
  3.5000000e+001
  3.2000000e+001
  1.0000000e+002
  9.2000000e+001
  9.0000000e+001
  8.6000000e+001
  8.9000000e+001
  4.4000000e+001
  2.9000000e+001
  7.0000000e+001
  9.8000000e+001
  2.6000000e+001
  9.2000000e+001
  1.0500000e+002
  9.8000000e+001
  8.7000000e+001
  1.8500000e+002
  3.1000000e+001
  9.6000000e+001
  9.5000000e+001
  8.9000000e+001
  1.0500000e+002
  7.0000000e+001
  2.2100000e+002
  1.0500000e+002
  2.5000000e+001
  1.2900000e+002
  4.8000000e+001
  2.9000000e+001
  2.2000000e+001
  9.0000000e+001
  9.9000000e+001
  6.6000000e+001
  3.1000000e+001
  1.0200000e+002
  1.2700000e+002
  9.0000000e+001
  1.2100000e+002
  1.0000000e+002
  9.8000000e+001
  8.8000000e+001
  9.2000000e+001
  2.2000000e+001
  1.0000000e+002
  1.0000000e+002
  8.8000000e+001
  9.6000000e+001
  8.7000000e+001
  8.8000000e+001
  8.8000000e+001
  9.9000000e+001
  1.2400000e+002
  1.2700000e+002
  1.3400000e+002
  1.0200000e+002
  1.0200000e+002
  7.0000000e+001
  7.9000000e+001
  8.9000000e+001
  2.9000000e+001
  1.2600000e+002
  9.0000000e+001
  1.0800000e+002
  1.1500000e+002
  2.9000000e+001
  1.1800000e+002
  3.1000000e+001
  8.6000000e+001
  9.2000000e+001
  9.2000000e+001
  8.7000000e+001
  1.2500000e+002
  1.0000000e+002
  3.1000000e+001
  3.1000000e+001
  7.0000000e+001
  1.2700000e+002
  1.8500000e+002
  1.0200000e+002
  9.6000000e+001
  1.2400000e+002
  9.0000000e+001
  9.9000000e+001
  9.6000000e+001
  1.0200000e+002
  3.0000000e+001
  8.8000000e+001
  9.0000000e+001
  7.5000000e+001
  9.3000000e+001
  9.6000000e+001
  2.0000000e+001
  2.2000000e+001
  8.9000000e+001
  9.4000000e+001
  8.5000000e+001
  8.8000000e+001
  9.2000000e+001
  9.8000000e+001
  8.9000000e+001
  8.7000000e+001
  9.7000000e+001
  9.0000000e+001
  3.5000000e+001
  8.9000000e+001
  8.9000000e+001
  1.2100000e+002
  9.3000000e+001
  1.0200000e+002
  8.9000000e+001
  2.2000000e+001
  8.9000000e+001
  9.4000000e+001
  2.3000000e+001
  1.2200000e+002
  3.4000000e+001
  9.7000000e+001
  9.3000000e+001
  2.9000000e+001
  9.5000000e+001
  9.6000000e+001
  9.0000000e+001
  2.9000000e+001
  9.2000000e+001
  4.5000000e+001
  9.0000000e+001
  6.6000000e+001
  4.5000000e+001
  1.2600000e+002
  9.2000000e+001
  8.9000000e+001
  9.7000000e+001
  9.0000000e+001
  8.8000000e+001
  1.2100000e+002
  8.7000000e+001
  8.9000000e+001
  9.0000000e+001
  8.8000000e+001
  9.3000000e+001
  8.9000000e+001
  1.0000000e+002
  9.0000000e+001
  3.2000000e+001
  9.3000000e+001
  9.0000000e+001
  1.6600000e+002
  1.1800000e+002
  1.0000000e+002
  1.8600000e+002
  8.4000000e+001
  1.2400000e+002
  9.9000000e+001
  9.0000000e+001
  9.7000000e+001
  1.1800000e+002
  9.7000000e+001
  7.9000000e+001
  8.4000000e+001
  8.9000000e+001
  8.9000000e+001
  9.0000000e+001
  3.4000000e+001
  2.6000000e+001
  3.5000000e+001
  3.2000000e+001
  8.9000000e+001
  1.0000000e+002
  9.0000000e+001
  9.9000000e+001
  9.2000000e+001
  8.5000000e+001
  9.5000000e+001
  1.0200000e+002
  7.5000000e+001
  8.9000000e+001
  3.5000000e+001
  8.9000000e+001
  3.5000000e+001
  7.5000000e+001
  9.5000000e+001
  9.4000000e+001
  9.0000000e+001
  9.3000000e+001
  1.0800000e+002
  8.9000000e+001
  9.6000000e+001
  1.0000000e+002
  1.2100000e+002
  9.0000000e+001
  2.0000000e+001
  1.0200000e+002
  8.9000000e+001
  9.0000000e+001
  9.0000000e+001
  9.9000000e+001
  1.0200000e+002
  3.2000000e+001
  3.0000000e+001
  1.0000000e+002
  1.0000000e+002
  3.1000000e+001
  8.9000000e+001
  9.0000000e+001
  9.2000000e+001
  9.5000000e+001
  1.0000000e+002
  8.7000000e+001
  9.2000000e+001
  8.7000000e+001
  7.5000000e+001
  1.3500000e+002
  1.3200000e+002
  1.0000000e+002
  8.6000000e+001
  2.5000000e+001
  1.2900000e+002
  3.5000000e+001
  9.2000000e+001
  7.9000000e+001
  8.9000000e+001
  2.7000000e+001
  9.5000000e+001
  1.0200000e+002
  7.9000000e+001
  8.7000000e+001
  3.2000000e+001
  9.2000000e+001
  2.1500000e+002
  1.1800000e+002
  9.8000000e+001
  2.9000000e+001
  1.0800000e+002
  9.6000000e+001
  8.8000000e+001
  9.4000000e+001
  7.0000000e+001
  7.2000000e+001
  2.0000000e+001
  1.2200000e+002
  9.0000000e+001
  3.0000000e+001
  7.5000000e+001
  9.0000000e+001
  9.4000000e+001
  8.9000000e+001
  9.7000000e+001
  1.0200000e+002
  9.7000000e+001
  1.4200000e+002
  9.0000000e+001
  7.5000000e+001
  9.2000000e+001
  1.2500000e+002
  2.9000000e+001
  1.2200000e+002
  8.5000000e+001
  8.5000000e+001
  7.5000000e+001
  8.9000000e+001
  2.2000000e+001
  9.2000000e+001
  3.4000000e+001
  9.2000000e+001
  1.7700000e+002
  1.2400000e+002
  1.2400000e+002
  9.7000000e+001
  1.1700000e+002
  3.7000000e+001
  8.8000000e+001
  8.9000000e+001
  1.2200000e+002
  1.2100000e+002
  9.4000000e+001
  8.9000000e+001
  1.0500000e+002
  1.0000000e+002
  8.8000000e+001
  8.5000000e+001
  8.7000000e+001
  9.2000000e+001
  8.8000000e+001
  1.1000000e+002
  8.7000000e+001
  1.1000000e+002
  9.2000000e+001
  7.0000000e+001
  9.2000000e+001
  9.3000000e+001
  1.2900000e+002
  2.3000000e+001
  1.2400000e+002
  9.3000000e+001
  9.2000000e+001
  2.9000000e+001
  3.1000000e+001
  9.0000000e+001
  9.2000000e+001
  1.0200000e+002
  3.5000000e+001
  9.3000000e+001
  1.0000000e+002
  6.7000000e+001
  9.9000000e+001
  8.9000000e+001
  2.5000000e+001
  8.7000000e+001
  7.5000000e+001
  8.8000000e+001
  4.4000000e+001
  1.0200000e+002
  3.5000000e+001
  9.3000000e+001
  9.6000000e+001
  1.1200000e+002
  9.9000000e+001
  8.7000000e+001
  2.0000000e+001
  8.9000000e+001
  9.3000000e+001
  9.3000000e+001
  9.2000000e+001
  3.5000000e+001
  9.4000000e+001
  9.6000000e+001
  9.8000000e+001
  8.9000000e+001
  7.5000000e+001
  9.0000000e+001
  6.6000000e+001
  2.5000000e+001
  9.8000000e+001
  9.9000000e+001
  9.2000000e+001
  8.9000000e+001
  3.2000000e+001
  9.0000000e+001
  8.9000000e+001
  1.1000000e+002
  7.5000000e+001
  1.0000000e+002
  9.2000000e+001
  1.0200000e+002
  9.2000000e+001
  9.0000000e+001
  7.0000000e+001
  9.2000000e+001
  1.5700000e+002
  2.2000000e+001
  3.5000000e+001
  9.0000000e+001
  1.2400000e+002
  1.8800000e+002
  9.9000000e+001
  8.8000000e+001
  8.9000000e+001
  8.8000000e+001
  2.6000000e+001
  2.3000000e+001
  3.2000000e+001
  2.7000000e+001
  1.0000000e+002
  9.2000000e+001
  1.2200000e+002
  1.3400000e+002
  6.6000000e+001
  9.6000000e+001
  2.6000000e+001
  1.2400000e+002
  9.4000000e+001
  1.2900000e+002
  3.1000000e+001
  2.6000000e+001
  8.8000000e+001
  9.5000000e+001
  3.2000000e+001
  8.9000000e+001
  1.2100000e+002
  9.6000000e+001
  2.0900000e+002
  8.8000000e+001
  7.5000000e+001
  3.0000000e+001
  9.2000000e+001
  1.2200000e+002
  9.6000000e+001
  8.9000000e+001
  3.7000000e+001
  9.7000000e+001
  1.2900000e+002
  9.2000000e+001
  3.4000000e+001
  9.2000000e+001
  7.2000000e+001
  7.0000000e+001
  9.0000000e+001
  9.4000000e+001
  1.2100000e+002
  1.0000000e+002
  9.3000000e+001
  7.0000000e+001
  7.0000000e+001
  3.4000000e+001
  9.5000000e+001
  9.7000000e+001
  9.9000000e+001
  1.0200000e+002
  9.6000000e+001
  9.3000000e+001
  9.7000000e+001
  9.0000000e+001
  1.7800000e+002
  9.3000000e+001
  9.2000000e+001
  3.4000000e+001
  4.6000000e+001
  9.3000000e+001
  3.5000000e+001
  2.3000000e+001
  8.9000000e+001
  2.7000000e+001
  9.4000000e+001
  7.9000000e+001
  8.7000000e+001
  2.5000000e+001
  8.6000000e+001
  9.0000000e+001
  8.6000000e+001
  8.8000000e+001
  7.5000000e+001
  1.0500000e+002
  8.7000000e+001
  2.9000000e+001
  1.2700000e+002
  8.9000000e+001
  3.1000000e+001
  9.6000000e+001
  1.0500000e+002
  8.7000000e+001
  8.9000000e+001
  8.9000000e+001
  2.3000000e+001
  9.0000000e+001
  3.5000000e+001
  1.2100000e+002
  2.3000000e+001
  9.2000000e+001
  1.2100000e+002
  2.9000000e+001
  8.6000000e+001
  9.4000000e+001
  1.4200000e+002
  2.3000000e+001
  8.9000000e+001
  9.9000000e+001
  2.0900000e+002
  7.5000000e+001
  9.0000000e+001
  9.2000000e+001
  9.0000000e+001
  1.1200000e+002
  1.7700000e+002
  1.2700000e+002
  9.3000000e+001
  1.1500000e+002
  9.4000000e+001
  8.6000000e+001
  3.0000000e+001
  1.0500000e+002
  9.9000000e+001
  9.9000000e+001
  9.0000000e+001
  7.0000000e+001
  1.2100000e+002
  9.3000000e+001
  8.7000000e+001
  9.6000000e+001
  8.9000000e+001
  7.6000000e+001
  4.6000000e+001
  1.2400000e+002
  9.2000000e+001
  1.0000000e+002
  1.2600000e+002
  1.2900000e+002
  9.9000000e+001
  9.3000000e+001
  8.9000000e+001
  1.0000000e+002
  9.7000000e+001
  8.9000000e+001
  9.8000000e+001
  8.4000000e+001
  8.9000000e+001
  8.8000000e+001
  9.7000000e+001
  8.9000000e+001
  9.6000000e+001
  1.0000000e+002
  1.2400000e+002
  9.0000000e+001
  9.4000000e+001
  1.0000000e+002
  9.3000000e+001
  9.0000000e+001
  3.4000000e+001
  8.9000000e+001
  9.6000000e+001
  1.0000000e+002
  2.2000000e+001
  1.5000000e+002
  9.6000000e+001
  1.1200000e+002
  1.0800000e+002
  8.6000000e+001
  9.2000000e+001
  8.9000000e+001
  7.5000000e+001
  7.5000000e+001
  1.2400000e+002
  8.7000000e+001
  3.5000000e+001
  9.5000000e+001
  2.0000000e+001
  8.7000000e+001
  8.9000000e+001
  8.7000000e+001
  9.7000000e+001
  9.9000000e+001
  9.3000000e+001
  1.8500000e+002
  1.8800000e+002
  8.8000000e+001
  4.5000000e+001
  2.7000000e+001
  2.3000000e+001
  8.8000000e+001
  9.9000000e+001
  9.0000000e+001
  1.2400000e+002
  7.5000000e+001
  8.8000000e+001
  1.1700000e+002
  2.5000000e+001
  3.7000000e+001
  1.0800000e+002
  1.2500000e+002
  9.9000000e+001
  8.9000000e+001
  8.4000000e+001
  1.7800000e+002
  9.2000000e+001
  3.4000000e+001
  7.5000000e+001
  9.4000000e+001
  8.5000000e+001
  1.2400000e+002
  9.0000000e+001
  1.0200000e+002
  9.3000000e+001
  3.1000000e+001
  9.2000000e+001
  2.0000000e+001
  1.0500000e+002
  8.5000000e+001
  9.6000000e+001
  9.3000000e+001
  8.6000000e+001
  1.3500000e+002
  9.0000000e+001
  7.5000000e+001
  1.2400000e+002
  2.5000000e+001
  8.8000000e+001
  9.2000000e+001
  9.8000000e+001
  1.0500000e+002
  1.2600000e+002
  2.9000000e+001
  3.0000000e+001
  1.0000000e+002
  8.7000000e+001
  2.2000000e+001
  8.7000000e+001
  9.0000000e+001
  9.3000000e+001
  8.8000000e+001
  2.0000000e+001
  1.0200000e+002
  2.9000000e+001
  1.8500000e+002
  1.2100000e+002
  2.5000000e+001
  1.5900000e+002
  8.5000000e+001
  1.2100000e+002
  2.2000000e+001
  9.2000000e+001
  8.7000000e+001
  7.5000000e+001
  2.2000000e+001
  1.0000000e+002
  2.5000000e+001
  9.2000000e+001
  9.3000000e+001
  8.7000000e+001
  9.3000000e+001
  1.0200000e+002
  9.0000000e+001
  8.7000000e+001
  1.0200000e+002
  8.9000000e+001
  4.8000000e+001
  7.2000000e+001
  1.1800000e+002
  8.6000000e+001
  9.3000000e+001
  7.6000000e+001
  1.0000000e+002
  9.2000000e+001
  7.0000000e+001
  2.3000000e+001
  9.2000000e+001
  1.2100000e+002
  9.2000000e+001
  1.2600000e+002
  9.5000000e+001
  1.0800000e+002
  1.0000000e+002
  9.6000000e+001
  9.8000000e+001
  2.3000000e+001
  2.0000000e+001
  3.0000000e+001
  1.0500000e+002
  1.0200000e+002
  9.0000000e+001
  3.1000000e+001
  9.3000000e+001
  2.3000000e+001
  8.7000000e+001
  2.9000000e+001
  9.2000000e+001
  8.7000000e+001
  9.4000000e+001
  9.3000000e+001
  2.9000000e+001
  3.7000000e+001
  9.9000000e+001
  7.2000000e+001
  1.0200000e+002
  3.4000000e+001
  2.3000000e+001
  9.9000000e+001
  9.6000000e+001
  8.7000000e+001
  1.0000000e+002
  3.5000000e+001
  9.9000000e+001
  1.0000000e+002
  2.7000000e+001
  9.2000000e+001
  8.6000000e+001
  3.5000000e+001
  9.3000000e+001
  3.7000000e+001
  7.5000000e+001
  2.3000000e+001
  9.4000000e+001
  9.2000000e+001
  9.2000000e+001
  2.9000000e+001
  9.5000000e+001
  2.7000000e+001
  3.1000000e+001
  8.9000000e+001
  9.4000000e+001
  8.9000000e+001
  1.0500000e+002
  1.2600000e+002
  1.4600000e+002
  7.5000000e+001
  1.7300000e+002
  9.6000000e+001
  2.5000000e+001
  8.6000000e+001
  1.0000000e+002
  8.6000000e+001
  9.2000000e+001
  9.9000000e+001
  1.2900000e+002
  1.2200000e+002
  8.7000000e+001
  1.0200000e+002
  2.2000000e+001
  3.0000000e+001
  1.0000000e+002
  1.2700000e+002
  8.6000000e+001
  8.8000000e+001
  1.2100000e+002
  9.0000000e+001
  8.5000000e+001
  2.2000000e+001
  3.1000000e+001
  2.7000000e+001
  9.0000000e+001
  3.1000000e+001
  8.9000000e+001
  1.1700000e+002
  1.2700000e+002
  8.9000000e+001
  2.2000000e+001
  8.7000000e+001
  9.7000000e+001
  8.8000000e+001
  1.2400000e+002
  8.6000000e+001
  9.7000000e+001
  1.2200000e+002
  9.6000000e+001
  8.6000000e+001
  9.6000000e+001
  2.2000000e+001
  1.2200000e+002
  3.5000000e+001
  1.1700000e+002
  1.3200000e+002
  9.5000000e+001
  7.2000000e+001
  9.3000000e+001
  7.9000000e+001
  7.0000000e+001
  9.8000000e+001
  6.7000000e+001
  1.2700000e+002
  1.2200000e+002
  9.5000000e+001
  8.7000000e+001
  7.9000000e+001
  9.8000000e+001
  2.7000000e+001
  8.8000000e+001
  9.0000000e+001
  1.5700000e+002
  8.6000000e+001
  9.3000000e+001
  8.9000000e+001
  9.3000000e+001
  9.2000000e+001
  7.0000000e+001
  9.2000000e+001
  4.5000000e+001
  8.8000000e+001
  1.2500000e+002
  3.2000000e+001
  1.0500000e+002
  1.0800000e+002
  1.2400000e+002
  1.0000000e+002
  9.6000000e+001
  8.7000000e+001
  3.1000000e+001
  2.5000000e+001
  1.2100000e+002
  2.3000000e+001
  1.2600000e+002
  7.5000000e+001
  1.2700000e+002
  2.9000000e+001
  8.7000000e+001
  3.1000000e+001
  8.6000000e+001
  8.6000000e+001
  8.9000000e+001
  8.9000000e+001
  9.9000000e+001
  2.2000000e+001
  1.2100000e+002
  7.5000000e+001
  9.8000000e+001
  9.2000000e+001
  4.4000000e+001
  9.0000000e+001
  1.0200000e+002
  1.0200000e+002
  8.8000000e+001
  3.7000000e+001
  1.5700000e+002
  3.4000000e+001
  8.7000000e+001
  3.1000000e+001
  6.6000000e+001
  9.2000000e+001
  2.5000000e+001
  2.2000000e+001
  9.2000000e+001
  8.9000000e+001
  9.0000000e+001
  8.8000000e+001
  1.2600000e+002
  1.0000000e+002
  9.2000000e+001
  1.2400000e+002
  8.8000000e+001
  9.3000000e+001
  8.5000000e+001
  7.5000000e+001
  7.5000000e+001
  9.2000000e+001
  9.0000000e+001
  1.2700000e+002
  4.4000000e+001
  8.8000000e+001
  2.7000000e+001
  9.3000000e+001
  1.4100000e+002
  9.2000000e+001
  1.2600000e+002
  1.1500000e+002
  1.0000000e+002
  9.3000000e+001
  1.1500000e+002
  9.0000000e+001
  9.9000000e+001
  9.2000000e+001
  8.8000000e+001
  9.0000000e+001
  9.0000000e+001
  9.8000000e+001
  1.0500000e+002
  3.0000000e+001
  4.4000000e+001
  9.5000000e+001
  7.6000000e+001
  8.4000000e+001
  9.3000000e+001
  1.4900000e+002
  1.2200000e+002
  1.7700000e+002
  7.5000000e+001
  9.6000000e+001
  8.8000000e+001
  3.4000000e+001
  1.1700000e+002
  8.9000000e+001
  9.7000000e+001
  8.7000000e+001
  3.2000000e+001
  1.0000000e+002
  8.8000000e+001
  1.0000000e+002
  1.0000000e+002
  9.2000000e+001
  1.2600000e+002
  2.5000000e+001
  1.7800000e+002
  9.5000000e+001
  9.3000000e+001
  1.0000000e+002
  9.0000000e+001
  3.1000000e+001
  9.6000000e+001
  3.1000000e+001
  1.2900000e+002
  9.9000000e+001
  1.2400000e+002
  1.2400000e+002
  9.0000000e+001
  2.7000000e+001
  1.6700000e+002
  9.5000000e+001
  8.9000000e+001
  9.9000000e+001
  9.0000000e+001
  9.9000000e+001
  2.7000000e+001
  9.3000000e+001
  8.8000000e+001
  8.8000000e+001
  9.0000000e+001
  1.2600000e+002
  9.0000000e+001
  1.0200000e+002
  7.5000000e+001
  8.7000000e+001
  7.0000000e+001
  9.3000000e+001
  9.3000000e+001
  3.2000000e+001
  2.3000000e+001
  1.2400000e+002
  1.2200000e+002
  9.3000000e+001
  1.8800000e+002
  8.9000000e+001
  8.7000000e+001
  1.2900000e+002
  4.4000000e+001
  9.6000000e+001
  8.9000000e+001
  7.5000000e+001
  9.2000000e+001
  2.9000000e+001
  9.3000000e+001
  9.0000000e+001
  8.9000000e+001
  2.0000000e+001
  8.7000000e+001
  2.3000000e+001
  9.0000000e+001
  8.6000000e+001
  1.2500000e+002
  8.9000000e+001
  9.0000000e+001
  9.5000000e+001
  9.2000000e+001
  8.9000000e+001
  1.0200000e+002
  9.4000000e+001
  7.0000000e+001
  8.7000000e+001
  9.4000000e+001
  8.5000000e+001
  7.5000000e+001
  1.0200000e+002
  4.4000000e+001
  1.2100000e+002
  3.5000000e+001
  8.6000000e+001
  9.2000000e+001
  7.0000000e+001
  9.9000000e+001
  7.0000000e+001
  2.5000000e+001
  4.4000000e+001
  7.5000000e+001
  9.0000000e+001
  7.0000000e+001
  2.3000000e+001
  1.2100000e+002
  9.9000000e+001
  9.2000000e+001
  9.0000000e+001
  9.7000000e+001
  9.6000000e+001
  9.6000000e+001
  8.7000000e+001
  9.4000000e+001
  8.4000000e+001
  1.2100000e+002
  8.7000000e+001
  2.7000000e+001
  9.7000000e+001
  7.5000000e+001
  8.6000000e+001
  8.8000000e+001
  8.9000000e+001
  8.8000000e+001
  1.2900000e+002
  3.5000000e+001
  9.2000000e+001
  2.5000000e+001
  3.7000000e+001
  2.2000000e+001
  9.2000000e+001
  7.5000000e+001
  7.5000000e+001
  9.4000000e+001
  8.8000000e+001
  3.4000000e+001
  1.0500000e+002
  7.9000000e+001
  7.0000000e+001
  7.9000000e+001
  7.9000000e+001
  9.8000000e+001
  2.5000000e+001
  3.7000000e+001
  9.2000000e+001
  2.5000000e+001
  9.9000000e+001
  3.4000000e+001
  9.3000000e+001
  9.9000000e+001
  9.0000000e+001
  3.7000000e+001
  3.1000000e+001
  3.5000000e+001
  8.8000000e+001
  9.9000000e+001
  3.1000000e+001
  8.6000000e+001
  9.7000000e+001
  8.9000000e+001
  3.5000000e+001
  3.1000000e+001
  8.9000000e+001
  7.5000000e+001
  9.9000000e+001
  1.2900000e+002
  9.2000000e+001
  9.3000000e+001
  9.2000000e+001
  9.2000000e+001
  1.2400000e+002
  2.9000000e+001
  3.1000000e+001
  8.9000000e+001
  8.7000000e+001
  9.0000000e+001
  9.0000000e+001
  1.0500000e+002
  1.2700000e+002
  8.7000000e+001
  8.8000000e+001
  1.2600000e+002
  9.2000000e+001
  2.5000000e+001
  8.7000000e+001
  3.7000000e+001
  2.2000000e+001
  9.9000000e+001
  1.2700000e+002
  2.3000000e+001
  1.2900000e+002
  9.0000000e+001
  9.0000000e+001
  9.9000000e+001
  1.0000000e+002
  3.1000000e+001
  2.1700000e+002
  1.2100000e+002
  7.6000000e+001
  1.2900000e+002
  2.9000000e+001
  7.9000000e+001
  2.3000000e+001
  9.2000000e+001
  8.7000000e+001
  1.7800000e+002
  8.8000000e+001
  3.2000000e+001
  8.7000000e+001
  8.8000000e+001
  7.5000000e+001
  1.1800000e+002
  9.9000000e+001
  8.6000000e+001
  3.2000000e+001
  3.2000000e+001
  8.8000000e+001
  8.7000000e+001
  9.4000000e+001
  2.7000000e+001
  1.0500000e+002
  8.8000000e+001
  1.0000000e+002
  9.3000000e+001
  1.8800000e+002
  6.6000000e+001
  8.8000000e+001
  8.5000000e+001
  8.8000000e+001
  6.7000000e+001
  1.0200000e+002
  1.0000000e+002
  1.2100000e+002
  9.6000000e+001
  9.0000000e+001
  9.9000000e+001
  3.4000000e+001
  2.3000000e+001
  9.6000000e+001
  1.2900000e+002
  1.2400000e+002
  9.8000000e+001
  9.7000000e+001
  8.8000000e+001
  2.7000000e+001
  8.8000000e+001
  2.5000000e+001
  1.0000000e+002
  6.6000000e+001
  1.1000000e+002
  4.4000000e+001
  9.0000000e+001
  1.0500000e+002
  9.7000000e+001
  8.7000000e+001
  7.0000000e+001
  1.0200000e+002
  9.9000000e+001
  8.6000000e+001
  1.6600000e+002
  9.9000000e+001
  8.6000000e+001
  8.8000000e+001
  1.2900000e+002
  9.7000000e+001
  8.8000000e+001
  2.9000000e+001
  9.9000000e+001
  8.6000000e+001
  7.0000000e+001
  8.9000000e+001
  1.0000000e+002
  3.7000000e+001
  3.4000000e+001
  1.2900000e+002
  9.3000000e+001
  9.2000000e+001
  7.0000000e+001
  2.2000000e+001
  8.8000000e+001
  9.2000000e+001
  3.7000000e+001
  8.7000000e+001
  9.5000000e+001
  1.0200000e+002
  9.8000000e+001
  1.4100000e+002
  1.0800000e+002
  8.6000000e+001
  2.2000000e+001
  3.7000000e+001
  1.2400000e+002
  9.0000000e+001
  8.9000000e+001
  1.1700000e+002
  3.2000000e+001
  9.2000000e+001
  9.7000000e+001
  9.3000000e+001
  1.1500000e+002
  9.7000000e+001
  7.5000000e+001
  9.2000000e+001
  9.4000000e+001
  1.2200000e+002
  1.2900000e+002
  9.7000000e+001
  9.7000000e+001
  9.7000000e+001
  9.3000000e+001
  2.0000000e+001
  2.5000000e+001
  9.4000000e+001
  7.5000000e+001
  9.2000000e+001
  8.6000000e+001
  9.0000000e+001
  1.1500000e+002
  9.0000000e+001
  9.3000000e+001
  9.0000000e+001
  1.7800000e+002
  1.0000000e+002
  9.6000000e+001
  7.5000000e+001
  9.2000000e+001
  1.1700000e+002
  9.9000000e+001
  9.2000000e+001
  8.7000000e+001
  8.8000000e+001
  1.0000000e+002
  9.2000000e+001
  8.9000000e+001
  9.0000000e+001
  9.0000000e+001
  8.8000000e+001
  9.7000000e+001
  9.4000000e+001
  9.8000000e+001
  1.2100000e+002
  3.7000000e+001
  1.2600000e+002
  1.3400000e+002
  9.6000000e+001
  9.3000000e+001
  9.0000000e+001
  9.0000000e+001
  8.9000000e+001
  7.5000000e+001
  9.9000000e+001
  1.2100000e+002
  9.0000000e+001
  1.2400000e+002
  8.9000000e+001
  9.5000000e+001
  7.9000000e+001
  9.2000000e+001
  8.7000000e+001
  9.2000000e+001
  8.7000000e+001
  7.0000000e+001
  9.6000000e+001
  1.2200000e+002
  2.3000000e+001
  2.9000000e+001
  8.9000000e+001
  8.7000000e+001
  1.0500000e+002
  1.0200000e+002
  8.9000000e+001
  1.2600000e+002
  1.2900000e+002
  9.3000000e+001
  9.2000000e+001
  1.7300000e+002
  9.9000000e+001
  9.3000000e+001
  9.8000000e+001
  3.0000000e+001
  1.2400000e+002
  8.8000000e+001
  1.0200000e+002
  9.2000000e+001
  9.2000000e+001
  9.3000000e+001
  9.0000000e+001
  9.0000000e+001
  8.7000000e+001
  8.5000000e+001
  3.0000000e+001
  4.4000000e+001
  3.5000000e+001
  2.3000000e+001
  2.3000000e+001
  8.9000000e+001
  9.4000000e+001
  1.1800000e+002
  1.0800000e+002
  8.8000000e+001
  4.4000000e+001
  9.2000000e+001
  7.5000000e+001
  4.6000000e+001
  9.0000000e+001
  2.5000000e+001
  3.2000000e+001
  9.5000000e+001
  2.3000000e+001
  3.5000000e+001
  8.8000000e+001
  9.7000000e+001
  1.2500000e+002
  1.0500000e+002
  9.9000000e+001
  1.2500000e+002
  7.0000000e+001
  8.8000000e+001
  4.8000000e+001
  1.0000000e+002
  8.6000000e+001
  1.0800000e+002
  7.5000000e+001
  9.3000000e+001
  7.5000000e+001
  8.5000000e+001
  3.5000000e+001
  9.0000000e+001
  2.7000000e+001
  1.5900000e+002
  1.0000000e+002
  9.3000000e+001
  1.2100000e+002
  7.0000000e+001
  8.9000000e+001
  1.2500000e+002
  8.9000000e+001
  9.3000000e+001
  9.9000000e+001
  1.0200000e+002
  9.2000000e+001
  7.0000000e+001
  9.8000000e+001
  2.2100000e+002
  8.8000000e+001
  1.2700000e+002
  8.8000000e+001
  1.2100000e+002
  9.8000000e+001
  1.0800000e+002
  8.7000000e+001
  9.3000000e+001
  7.5000000e+001
  9.3000000e+001
  8.9000000e+001
  8.4000000e+001
  9.9000000e+001
  8.8000000e+001
  1.2100000e+002
  8.8000000e+001
  2.2000000e+001
  9.9000000e+001
  9.0000000e+001
  7.2000000e+001
  1.2400000e+002
  8.8000000e+001
  2.5000000e+001
  1.3500000e+002
  1.2100000e+002
  8.5000000e+001
  9.9000000e+001
  3.5000000e+001
  2.0000000e+001
  2.5000000e+001
  1.1500000e+002
  8.7000000e+001
  8.9000000e+001
  9.0000000e+001
  9.6000000e+001
  9.3000000e+001
  4.4000000e+001
  9.9000000e+001
  9.3000000e+001
  9.9000000e+001
  8.7000000e+001
  8.7000000e+001
  9.9000000e+001
  6.6000000e+001
  9.2000000e+001
  9.8000000e+001
  9.6000000e+001
  8.9000000e+001
  3.7000000e+001
  3.5000000e+001
  3.5000000e+001
  7.0000000e+001
  8.6000000e+001
  1.0500000e+002
  7.0000000e+001
  7.9000000e+001
  9.2000000e+001
  2.5000000e+001
  8.7000000e+001
  9.0000000e+001
  3.4000000e+001
  6.7000000e+001
  1.2900000e+002
  9.0000000e+001
  2.0900000e+002
  8.8000000e+001
  3.1000000e+001
  1.7800000e+002
  9.8000000e+001
  8.7000000e+001
  1.8600000e+002
  9.7000000e+001
  9.7000000e+001
  1.2600000e+002
  9.4000000e+001
  1.6600000e+002
  1.2900000e+002
  1.1800000e+002
  9.7000000e+001
  8.6000000e+001
  8.9000000e+001
  1.0000000e+002
  8.8000000e+001
  1.2400000e+002
  2.2100000e+002
  8.7000000e+001
  9.7000000e+001
  9.0000000e+001
  7.5000000e+001
  6.6000000e+001
  8.8000000e+001
  1.2400000e+002
  1.2400000e+002
  6.6000000e+001
  2.5000000e+001
  7.0000000e+001
  3.7000000e+001
  9.0000000e+001
  8.9000000e+001
  3.1000000e+001
  9.6000000e+001
  9.6000000e+001
  8.9000000e+001
  9.3000000e+001
  9.2000000e+001
  9.9000000e+001
  8.8000000e+001
  9.6000000e+001
  8.9000000e+001
  1.4700000e+002
  3.2000000e+001
  1.2700000e+002
  9.0000000e+001
  9.9000000e+001
  8.9000000e+001
  2.7000000e+001
  1.2400000e+002
  7.5000000e+001
  1.2600000e+002
  7.9000000e+001
  9.2000000e+001
  9.6000000e+001
  1.0000000e+002
  1.0200000e+002
  4.4000000e+001
  8.9000000e+001
  9.2000000e+001
  9.7000000e+001
  1.1500000e+002
  8.9000000e+001
  7.5000000e+001
  1.2900000e+002
  8.7000000e+001
  8.8000000e+001
  8.8000000e+001
  3.1000000e+001
  1.1000000e+002
  8.7000000e+001
  8.8000000e+001
  3.5000000e+001
  9.6000000e+001
  1.8600000e+002
  3.0000000e+001
  3.5000000e+001
  8.7000000e+001
  8.8000000e+001
  8.9000000e+001
  3.1000000e+001
  8.7000000e+001
  1.0200000e+002
  1.2900000e+002
  1.1200000e+002
  9.2000000e+001
  1.2900000e+002
  9.7000000e+001
  3.0000000e+001
  9.0000000e+001
  6.7000000e+001
  8.7000000e+001
  9.6000000e+001
  8.9000000e+001
  1.1000000e+002
  9.2000000e+001
  9.6000000e+001
  3.2000000e+001
  9.2000000e+001
  8.6000000e+001
  8.8000000e+001
  9.8000000e+001
  9.0000000e+001
  8.7000000e+001
  9.7000000e+001
  8.8000000e+001
  8.5000000e+001
  4.6000000e+001
  9.4000000e+001
  1.2600000e+002
  9.2000000e+001
  9.5000000e+001
  9.6000000e+001
  9.3000000e+001
  9.3000000e+001
  8.6000000e+001
  1.3200000e+002
  1.0200000e+002
  2.7000000e+001
  1.0800000e+002
  8.4000000e+001
  2.5000000e+001
  8.6000000e+001
  9.8000000e+001
  1.2100000e+002
  1.0200000e+002
  9.0000000e+001
  8.9000000e+001
  8.8000000e+001
  9.6000000e+001
  3.7000000e+001
  9.2000000e+001
  9.9000000e+001
  9.3000000e+001
  1.0000000e+002
  1.1000000e+002
  9.2000000e+001
  9.2000000e+001
  4.6000000e+001
  9.6000000e+001
  8.8000000e+001
  2.3000000e+001
  1.3200000e+002
  1.2900000e+002
  9.2000000e+001
  9.9000000e+001
  2.9000000e+001
  9.2000000e+001
  8.5000000e+001
  3.7000000e+001
  9.4000000e+001
  9.2000000e+001
  1.0200000e+002
  9.3000000e+001
  9.6000000e+001
  3.5000000e+001
  1.2400000e+002
  1.0000000e+002
  9.9000000e+001
  2.9000000e+001
  8.7000000e+001
  7.5000000e+001
  9.0000000e+001
  4.4000000e+001
  3.4000000e+001
  1.6600000e+002
  8.7000000e+001
  1.0000000e+002
  2.0900000e+002
  9.9000000e+001
  8.8000000e+001
  2.7000000e+001
  8.9000000e+001
  8.7000000e+001
  1.0000000e+002
  1.2400000e+002
  8.6000000e+001
  1.5000000e+002
  7.5000000e+001
  2.9000000e+001
  2.6000000e+001
  9.3000000e+001
  8.9000000e+001
  8.7000000e+001
  2.6000000e+001
  8.8000000e+001
  8.9000000e+001
  1.0200000e+002
  2.9000000e+001
  1.0200000e+002
  9.3000000e+001
  9.9000000e+001
  9.7000000e+001
  1.4100000e+002
  8.6000000e+001
  2.7000000e+001
  2.7000000e+001
  8.9000000e+001
  2.0000000e+001
  1.7300000e+002
  1.2400000e+002
  9.8000000e+001
  8.9000000e+001
  8.6000000e+001
  1.2200000e+002
  1.3200000e+002
  8.9000000e+001
  9.9000000e+001
  1.1700000e+002
  2.2000000e+001
  2.0000000e+001
  9.7000000e+001
  8.9000000e+001
  9.0000000e+001
  3.5000000e+001
  8.7000000e+001
  1.2100000e+002
  1.0200000e+002
  2.7000000e+001
  8.7000000e+001
  9.2000000e+001
  7.9000000e+001
  9.3000000e+001
  2.3000000e+001
  8.9000000e+001
  7.5000000e+001
  3.7000000e+001
  1.2100000e+002
  2.3000000e+001
  1.4100000e+002
  8.9000000e+001
  9.7000000e+001
  8.8000000e+001
  2.0000000e+001
  8.9000000e+001
  9.3000000e+001
  9.7000000e+001
  8.8000000e+001
  9.4000000e+001
  9.3000000e+001
  8.7000000e+001
  9.2000000e+001
  2.3000000e+001
  1.0000000e+002
  1.2900000e+002
  1.2900000e+002
  1.0800000e+002
  2.5000000e+001
  9.5000000e+001
  1.2100000e+002
  2.5000000e+001
  9.0000000e+001
  9.6000000e+001
  9.0000000e+001
  1.8200000e+002
  1.0200000e+002
  9.6000000e+001
  8.6000000e+001
  9.0000000e+001
  4.8000000e+001
  9.5000000e+001
  2.7000000e+001
  9.5000000e+001
  1.0000000e+002
  2.0000000e+001
  2.6000000e+001
  9.2000000e+001
  1.7800000e+002
  1.0500000e+002
  8.6000000e+001
  2.0000000e+001
  1.3200000e+002
  9.6000000e+001
  1.7800000e+002
  9.2000000e+001
  9.5000000e+001
  9.3000000e+001
  9.6000000e+001
  9.5000000e+001
  3.5000000e+001
  1.1500000e+002
  9.2000000e+001
  2.7000000e+001
  4.4000000e+001
  1.2100000e+002
  1.2900000e+002
  1.2500000e+002
  9.6000000e+001
  8.8000000e+001
  8.9000000e+001
  3.1000000e+001
  9.2000000e+001
  2.7000000e+001
  1.2900000e+002
  2.2000000e+001
  9.0000000e+001
  1.2200000e+002
  9.0000000e+001
  2.9000000e+001
  8.9000000e+001
  8.9000000e+001
  1.2100000e+002
  8.8000000e+001
  2.3000000e+001
  8.6000000e+001
  9.0000000e+001
  9.9000000e+001
  1.0500000e+002
  8.9000000e+001
  3.7000000e+001
  3.5000000e+001
  1.2600000e+002
  1.2400000e+002
  1.2400000e+002
  1.0000000e+002
  9.3000000e+001
  9.0000000e+001
  3.7000000e+001
  9.4000000e+001
  2.0000000e+001
  1.2500000e+002
  2.0000000e+001
  9.0000000e+001
  2.2000000e+001
  9.2000000e+001
  1.0200000e+002
  9.5000000e+001
  1.2100000e+002
  8.9000000e+001
  3.7000000e+001
  8.7000000e+001
  9.9000000e+001
  9.9000000e+001
  9.9000000e+001
  8.8000000e+001
  8.7000000e+001
  1.5000000e+002
  7.5000000e+001
  2.7000000e+001
  9.0000000e+001
  2.9000000e+001
  2.0000000e+001
  9.3000000e+001
  9.6000000e+001
  3.2000000e+001
  9.6000000e+001
  1.0200000e+002
  2.9000000e+001
  9.9000000e+001
  3.5000000e+001
  9.6000000e+001
  1.1000000e+002
  8.9000000e+001
  4.4000000e+001
  2.7000000e+001
  8.8000000e+001
  1.1700000e+002
  8.7000000e+001
  3.5000000e+001
  9.2000000e+001
  1.2400000e+002
  1.0200000e+002
  1.0500000e+002
  9.4000000e+001
  1.2400000e+002
  3.5000000e+001
  9.3000000e+001
  1.2200000e+002
  8.9000000e+001
  9.6000000e+001
  9.4000000e+001
  8.5000000e+001
  9.8000000e+001
  9.5000000e+001
  2.1700000e+002
  9.3000000e+001
  1.2400000e+002
  2.5000000e+001
  7.5000000e+001
  9.3000000e+001
  3.5000000e+001
  7.0000000e+001
  1.2100000e+002
  9.0000000e+001
  9.0000000e+001
  8.7000000e+001
  9.9000000e+001
  3.7000000e+001
  9.2000000e+001
  9.4000000e+001
  1.2600000e+002
  9.3000000e+001
  9.2000000e+001
  1.2400000e+002
  7.0000000e+001
  3.5000000e+001
  9.5000000e+001
  9.3000000e+001
  9.2000000e+001
  9.9000000e+001
  9.9000000e+001
  2.5000000e+001
  8.7000000e+001
  1.2500000e+002
  2.5000000e+001
  8.9000000e+001
  1.5700000e+002
  1.0200000e+002
  3.0000000e+001
  9.5000000e+001
  3.5000000e+001
  6.7000000e+001
  9.2000000e+001
  8.7000000e+001
  8.7000000e+001
  8.9000000e+001
  3.1000000e+001
  1.2600000e+002
  1.0000000e+002
  9.3000000e+001
  8.9000000e+001
  8.8000000e+001
  9.6000000e+001
  1.2400000e+002
  7.5000000e+001
  1.2100000e+002
  9.3000000e+001
  9.3000000e+001
  1.0000000e+002
  9.2000000e+001
  9.6000000e+001
  8.9000000e+001
  8.9000000e+001
  9.3000000e+001
  9.9000000e+001
  2.9000000e+001
  8.7000000e+001
  1.2600000e+002
  9.2000000e+001
  9.7000000e+001
  1.4900000e+002
  8.6000000e+001
  7.5000000e+001
  9.6000000e+001
  9.6000000e+001
  1.0000000e+002
  8.8000000e+001
  9.0000000e+001
  8.5000000e+001
  1.2900000e+002
  8.8000000e+001
  8.6000000e+001
  4.5000000e+001
  9.7000000e+001
  1.0000000e+002
  1.8200000e+002
  8.7000000e+001
  1.0000000e+002
  1.0200000e+002
  2.9000000e+001
  1.3200000e+002
  1.0000000e+002
  2.2000000e+001
  3.5000000e+001
  1.3200000e+002
  8.9000000e+001
  2.5000000e+001
  8.6000000e+001
  8.9000000e+001
  1.4300000e+002
  9.8000000e+001
  2.5000000e+001
  1.0500000e+002
  9.8000000e+001
  3.0000000e+001
  1.0500000e+002
  2.5000000e+001
  9.0000000e+001
  8.8000000e+001
  8.7000000e+001
  9.2000000e+001
  2.7000000e+001
  9.4000000e+001
  8.9000000e+001
  9.0000000e+001
  8.9000000e+001
  9.9000000e+001
  1.2100000e+002
  1.2500000e+002
  8.9000000e+001
  2.7000000e+001
  7.5000000e+001
  9.2000000e+001
  3.7000000e+001
  9.2000000e+001
  9.9000000e+001
  8.9000000e+001
  9.3000000e+001
  9.7000000e+001
  8.9000000e+001
  1.0000000e+002
  1.2900000e+002
  1.2500000e+002
  1.2900000e+002
  3.1000000e+001
  9.3000000e+001
  8.9000000e+001
  2.9000000e+001
  1.4100000e+002
  9.0000000e+001
  1.1500000e+002
  2.9000000e+001
  8.8000000e+001
  9.2000000e+001
  9.2000000e+001
  1.0800000e+002
  9.3000000e+001
  7.9000000e+001
  9.0000000e+001
  1.8800000e+002
  8.7000000e+001
  9.9000000e+001
  9.2000000e+001
  8.9000000e+001
  9.6000000e+001
  1.0200000e+002
  8.8000000e+001
  7.5000000e+001
  7.5000000e+001
  9.3000000e+001
  2.9000000e+001
  1.1500000e+002
  2.2000000e+001
  1.2700000e+002
  9.5000000e+001
  9.0000000e+001
  8.6000000e+001
  3.4000000e+001
  3.5000000e+001
  1.2400000e+002
  8.9000000e+001
  2.9000000e+001
  8.6000000e+001
  3.7000000e+001
  1.0500000e+002
  9.2000000e+001
  7.0000000e+001
  1.0000000e+002
  8.7000000e+001
  8.9000000e+001
  2.3000000e+001
  1.0200000e+002
  9.6000000e+001
  8.9000000e+001
  1.0200000e+002
  1.3500000e+002
  8.7000000e+001
  7.0000000e+001
  9.6000000e+001
  9.5000000e+001
  8.8000000e+001
  1.0000000e+002
  1.3200000e+002
  7.2000000e+001
  8.5000000e+001
  9.5000000e+001
  8.8000000e+001
  9.0000000e+001
  2.7000000e+001
  1.0200000e+002
  2.2000000e+001
  1.2600000e+002
  8.7000000e+001
  8.8000000e+001
  7.9000000e+001
  1.0000000e+002
  2.5000000e+001
  9.3000000e+001
  9.0000000e+001
  9.2000000e+001
  2.6000000e+001
  3.5000000e+001
  8.9000000e+001
  8.8000000e+001
  7.9000000e+001
  1.3200000e+002
  9.2000000e+001
  1.2600000e+002
  3.5000000e+001
  2.9000000e+001
  7.5000000e+001
  9.0000000e+001
  1.2600000e+002
  9.2000000e+001
  9.0000000e+001
  9.3000000e+001
  9.6000000e+001
  8.9000000e+001
  9.6000000e+001
  9.5000000e+001
  3.7000000e+001
  9.6000000e+001
  9.5000000e+001
  1.2900000e+002
  9.4000000e+001
  8.9000000e+001
  2.9000000e+001
  8.9000000e+001
  9.3000000e+001
  1.0200000e+002
  9.0000000e+001
  9.3000000e+001
  8.5000000e+001
  9.7000000e+001
  8.7000000e+001
  1.2400000e+002
  8.8000000e+001
  9.8000000e+001
  1.2100000e+002
  1.0200000e+002
  9.3000000e+001
  1.4700000e+002
  9.0000000e+001
  7.5000000e+001
  9.6000000e+001
  1.1000000e+002
  2.9000000e+001
  9.6000000e+001
  8.8000000e+001
  9.9000000e+001
  3.5000000e+001
  1.5900000e+002
  3.7000000e+001
  9.2000000e+001
  9.8000000e+001
  8.9000000e+001
  9.0000000e+001
  7.5000000e+001
  1.1200000e+002
  9.9000000e+001
  9.2000000e+001
  9.8000000e+001
  1.2700000e+002
  1.2400000e+002
  9.2000000e+001
  2.9000000e+001
  1.0200000e+002
  8.9000000e+001
  9.7000000e+001
  8.6000000e+001
  9.6000000e+001
  4.4000000e+001
  1.2900000e+002
  1.2600000e+002
  1.0500000e+002
  1.2400000e+002
  1.2500000e+002
  7.9000000e+001
  9.8000000e+001
  8.7000000e+001
  3.4000000e+001
  9.7000000e+001
  1.1500000e+002
  1.1000000e+002
  8.8000000e+001
  8.7000000e+001
  1.5700000e+002
  3.5000000e+001
  9.0000000e+001
  9.9000000e+001
  7.9000000e+001
  3.0000000e+001
  3.5000000e+001
  9.8000000e+001
  9.2000000e+001
  9.3000000e+001
  9.0000000e+001
  8.7000000e+001
  7.5000000e+001
  9.7000000e+001
  7.0000000e+001
  9.9000000e+001
  9.6000000e+001
  3.5000000e+001
  2.6000000e+001
  8.7000000e+001
  1.0000000e+002
  8.9000000e+001
  9.4000000e+001
  9.7000000e+001
  9.3000000e+001
  8.5000000e+001
  9.3000000e+001
  8.6000000e+001
  3.7000000e+001
  8.9000000e+001
  1.0000000e+002
  9.9000000e+001
  8.9000000e+001
  9.5000000e+001
  8.9000000e+001
  1.0200000e+002
  7.5000000e+001
  8.7000000e+001
  8.8000000e+001
  9.3000000e+001
  8.9000000e+001
  9.2000000e+001
  9.3000000e+001
  9.2000000e+001
  1.2600000e+002
  3.4000000e+001
  8.8000000e+001
  9.0000000e+001
  2.9000000e+001
  7.0000000e+001
  3.1000000e+001
  1.2500000e+002
  1.3500000e+002
  9.2000000e+001
  9.0000000e+001
  9.5000000e+001
  2.5000000e+001
  8.7000000e+001
  9.4000000e+001
  9.8000000e+001
  1.1500000e+002
  8.9000000e+001
  7.5000000e+001
  8.8000000e+001
  2.7000000e+001
  8.8000000e+001
  1.6600000e+002
  1.0200000e+002
  3.2000000e+001
  8.8000000e+001
  9.9000000e+001
  9.9000000e+001
  9.3000000e+001
  8.9000000e+001
  9.0000000e+001
  1.2400000e+002
  9.7000000e+001
  1.0000000e+002
  9.5000000e+001
  2.3000000e+001
  8.8000000e+001
  1.2200000e+002
  9.2000000e+001
  1.0000000e+002
  1.3200000e+002
  1.1500000e+002
  9.4000000e+001
  9.6000000e+001
  9.6000000e+001
  9.0000000e+001
  1.0200000e+002
  8.9000000e+001
  3.0000000e+001
  8.7000000e+001
  8.7000000e+001
  9.4000000e+001
  9.3000000e+001
  8.8000000e+001
  8.5000000e+001
  1.0200000e+002
  1.2900000e+002
  1.2700000e+002
  1.2100000e+002
  1.0500000e+002
  7.6000000e+001
  8.7000000e+001
  9.2000000e+001
  3.7000000e+001
  9.5000000e+001
  1.2400000e+002
  8.6000000e+001
  9.7000000e+001
  8.7000000e+001
  8.9000000e+001
  1.1200000e+002
  4.4000000e+001
  9.9000000e+001
  1.0000000e+002
  8.4000000e+001
  7.0000000e+001
  1.0000000e+002
  9.3000000e+001
  3.7000000e+001
  3.4000000e+001
  2.5000000e+001
  7.6000000e+001
  4.8000000e+001
  8.6000000e+001
  8.7000000e+001
  8.9000000e+001
  1.2600000e+002
  8.6000000e+001
  1.2500000e+002
  8.7000000e+001
  1.0000000e+002
  9.7000000e+001
  7.9000000e+001
  2.7000000e+001
  1.6600000e+002
  8.8000000e+001
  9.6000000e+001
  9.0000000e+001
  2.3000000e+001
  9.0000000e+001
  9.3000000e+001
  4.5000000e+001
  1.0000000e+002
  9.2000000e+001
  2.0000000e+001
  8.7000000e+001
  2.9000000e+001
  8.9000000e+001
  4.8000000e+001
  1.2600000e+002
  8.8000000e+001
  1.2600000e+002
  7.9000000e+001
  9.4000000e+001
  1.2700000e+002
  4.6000000e+001
  7.0000000e+001
  1.2100000e+002
  9.7000000e+001
  8.6000000e+001
  1.3500000e+002
  9.0000000e+001
  8.5000000e+001
  1.0200000e+002
  9.6000000e+001
  2.5000000e+001
  9.9000000e+001
  1.0200000e+002
  7.0000000e+001
  8.8000000e+001
  9.2000000e+001
  9.2000000e+001
  2.9000000e+001
  9.3000000e+001
  9.0000000e+001
  9.9000000e+001
  8.7000000e+001
  9.7000000e+001
  9.6000000e+001
  8.8000000e+001
  9.9000000e+001
  2.1500000e+002
  2.9000000e+001
  1.2900000e+002
  9.0000000e+001
  6.7000000e+001
  8.9000000e+001
  9.3000000e+001
  2.5000000e+001
  8.8000000e+001
  1.0000000e+002
  8.5000000e+001
  3.1000000e+001
  1.2900000e+002
  9.5000000e+001
  9.7000000e+001
  2.5000000e+001
  9.0000000e+001
  8.9000000e+001
  2.9000000e+001
  9.0000000e+001
  9.3000000e+001
  3.1000000e+001
  3.4000000e+001
  8.9000000e+001
  3.7000000e+001
  9.3000000e+001
  8.8000000e+001
  1.2400000e+002
  2.9000000e+001
  9.3000000e+001
  1.0000000e+002
  7.5000000e+001
  2.9000000e+001
  9.2000000e+001
  8.6000000e+001
  9.3000000e+001
  9.5000000e+001
  3.5000000e+001
  4.6000000e+001
  9.9000000e+001
  3.5000000e+001
  8.7000000e+001
  7.0000000e+001
  8.6000000e+001
  9.5000000e+001
  7.9000000e+001
  2.9000000e+001
  7.5000000e+001
  9.4000000e+001
  8.7000000e+001
  2.3000000e+001
  7.2000000e+001
  8.7000000e+001
  9.5000000e+001
  1.0000000e+002
  1.1000000e+002
  1.0200000e+002
  1.5000000e+002
  8.8000000e+001
  1.2100000e+002
  2.9000000e+001
  4.5000000e+001
  2.7000000e+001
  1.0200000e+002
  8.8000000e+001
  8.9000000e+001
  1.2600000e+002
  8.4000000e+001
  8.8000000e+001
  8.8000000e+001
  8.7000000e+001
  9.3000000e+001
  1.2200000e+002
  9.2000000e+001
  9.0000000e+001
  1.2400000e+002
  8.8000000e+001
  1.0000000e+002
  1.0000000e+002
  8.8000000e+001
  1.4300000e+002
  8.9000000e+001
  9.5000000e+001
  8.7000000e+001
  8.7000000e+001
  9.2000000e+001
  2.3000000e+001
  9.0000000e+001
  9.8000000e+001
  2.2000000e+001
  9.6000000e+001
  3.4000000e+001
  2.3000000e+001
  1.2900000e+002
  7.5000000e+001
  9.9000000e+001
  1.0000000e+002
  7.9000000e+001
  8.9000000e+001
  8.7000000e+001
  2.0000000e+001
  3.4000000e+001
  8.5000000e+001
  9.0000000e+001
  8.9000000e+001
  1.1800000e+002
  8.7000000e+001
  9.2000000e+001
  1.2500000e+002
  1.0200000e+002
  8.7000000e+001
  8.7000000e+001
  1.5700000e+002
  9.0000000e+001
  3.5000000e+001
  9.7000000e+001
  9.3000000e+001
  1.2100000e+002
  8.5000000e+001
  9.3000000e+001
  8.6000000e+001
  9.0000000e+001
  3.2000000e+001
  1.2200000e+002
  9.3000000e+001
  2.3000000e+001
  1.1500000e+002
  1.0200000e+002
  9.9000000e+001
  9.6000000e+001
  3.7000000e+001
  9.5000000e+001
  9.9000000e+001
  9.9000000e+001
  7.9000000e+001
  9.2000000e+001
  3.5000000e+001
  9.9000000e+001
  9.2000000e+001
  9.3000000e+001
  9.3000000e+001
  9.3000000e+001
  3.0000000e+001
  2.0900000e+002
  2.1700000e+002
  8.9000000e+001
  1.0500000e+002
  9.2000000e+001
  3.5000000e+001
  9.3000000e+001
  3.5000000e+001
  1.0200000e+002
  3.1000000e+001
  9.8000000e+001
  9.2000000e+001
  3.7000000e+001
  8.8000000e+001
  8.9000000e+001
  9.2000000e+001
  9.9000000e+001
  9.7000000e+001
  8.7000000e+001
  9.0000000e+001
  1.0000000e+002
  9.2000000e+001
  9.4000000e+001
  2.1500000e+002
  1.2900000e+002
  8.8000000e+001
  6.6000000e+001
  8.8000000e+001
  2.2000000e+001
  8.6000000e+001
  3.7000000e+001
  8.7000000e+001
  8.8000000e+001
  9.2000000e+001
  4.5000000e+001
  9.0000000e+001
  9.2000000e+001
  1.4100000e+002
  8.6000000e+001
  1.2700000e+002
  2.2000000e+001
  1.0200000e+002
  9.0000000e+001
  8.7000000e+001
  9.0000000e+001
  8.5000000e+001
  8.9000000e+001
  9.0000000e+001
  9.2000000e+001
  2.5000000e+001
  2.3000000e+001
  2.9000000e+001
  1.3400000e+002
  1.8200000e+002
  1.0000000e+002
  2.9000000e+001
  2.9000000e+001
  3.7000000e+001
  2.3000000e+001
  8.8000000e+001