2304
-0.577350 -0.577350 0.577350 
-0.464385 -0.464385 0.754117 
-0.633099 -0.445390 0.633099 
-0.325058 -0.325058 0.888074 
-0.510307 -0.320792 0.797922 
-0.464385 -0.464385 0.754117 
-0.673887 -0.302905 0.673887 
-0.633099 -0.445390 0.633099 
-0.510307 -0.320792 0.797922 
-0.464385 -0.464385 0.754117 
-0.510307 -0.320792 0.797922 
-0.633099 -0.445390 0.633099 
0.000000 0.000000 1.000000 
-0.195090 0.000000 0.980785 
-0.167277 -0.167277 0.971616 
-0.382683 0.000000 0.923880 
-0.358851 -0.164816 0.918728 
-0.195090 0.000000 0.980785 
-0.325058 -0.325058 0.888074 
-0.167277 -0.167277 0.971616 
-0.358851 -0.164816 0.918728 
-0.195090 0.000000 0.980785 
-0.358851 -0.164816 0.918728 
-0.167277 -0.167277 0.971616 
-0.707107 0.000000 0.707107 
-0.698753 -0.153263 0.698753 
-0.555570 0.000000 0.831470 
-0.673887 -0.302905 0.673887 
-0.544816 -0.156192 0.823881 
-0.698753 -0.153263 0.698753 
-0.382683 0.000000 0.923880 
-0.555570 0.000000 0.831470 
-0.544816 -0.156192 0.823881 
-0.698753 -0.153263 0.698753 
-0.544816 -0.156192 0.823881 
-0.555570 0.000000 0.831470 
-0.325058 -0.325058 0.888074 
-0.358851 -0.164816 0.918728 
-0.510307 -0.320792 0.797922 
-0.382683 0.000000 0.923880 
-0.544816 -0.156192 0.823881 
-0.358851 -0.164816 0.918728 
-0.673887 -0.302905 0.673887 
-0.510307 -0.320792 0.797922 
-0.544816 -0.156192 0.823881 
-0.358851 -0.164816 0.918728 
-0.544816 -0.156192 0.823881 
-0.510307 -0.320792 0.797922 
0.577350 0.577350 0.577350 
0.445390 0.633099 0.633099 
0.464385 0.464385 0.754117 
0.302905 0.673887 0.673887 
0.320792 0.510307 0.797922 
0.445390 0.633099 0.633099 
0.325058 0.325058 0.888074 
0.464385 0.464385 0.754117 
0.320792 0.510307 0.797922 
0.445390 0.633099 0.633099 
0.320792 0.510307 0.797922 
0.464385 0.464385 0.754117 
0.000000 0.707107 0.707107 
0.000000 0.555570 0.831470 
0.153263 0.698753 0.698753 
0.000000 0.382683 0.923880 
0.156192 0.544816 0.823881 
0.000000 0.555570 0.831470 
0.302905 0.673887 0.673887 
0.153263 0.698753 0.698753 
0.156192 0.544816 0.823881 
0.000000 0.555570 0.831470 
0.156192 0.544816 0.823881 
0.153263 0.698753 0.698753 
0.000000 0.000000 1.000000 
0.167277 0.167277 0.971616 
0.000000 0.195090 0.980785 
0.325058 0.325058 0.888074 
0.164816 0.358851 0.918728 
0.167277 0.167277 0.971616 
0.000000 0.382683 0.923880 
0.000000 0.195090 0.980785 
0.164816 0.358851 0.918728 
0.167277 0.167277 0.971616 
0.164816 0.358851 0.918728 
0.000000 0.195090 0.980785 
0.302905 0.673887 0.673887 
0.156192 0.544816 0.823881 
0.320792 0.510307 0.797922 
0.000000 0.382683 0.923880 
0.164816 0.358851 0.918728 
0.156192 0.544816 0.823881 
0.325058 0.325058 0.888074 
0.320792 0.510307 0.797922 
0.164816 0.358851 0.918728 
0.156192 0.544816 0.823881 
0.164816 0.358851 0.918728 
0.320792 0.510307 0.797922 
-0.577350 0.577350 0.577350 
-0.633099 0.445390 0.633099 
-0.445390 0.633099 0.633099 
-0.673887 0.302905 0.673887 
-0.506121 0.506121 0.698343 
-0.633099 0.445390 0.633099 
-0.302905 0.673887 0.673887 
-0.445390 0.633099 0.633099 
-0.506121 0.506121 0.698343 
-0.633099 0.445390 0.633099 
-0.506121 0.506121 0.698343 
-0.445390 0.633099 0.633099 
-0.707107 0.000000 0.707107 
-0.577350 0.211325 0.788675 
-0.698753 0.153263 0.698753 
-0.408248 0.408248 0.816497 
-0.548101 0.360199 0.754879 
-0.577350 0.211325 0.788675 
-0.673887 0.302905 0.673887 
-0.698753 0.153263 0.698753 
-0.548101 0.360199 0.754879 
-0.577350 0.211325 0.788675 
-0.548101 0.360199 0.754879 
-0.698753 0.153263 0.698753 
0.000000 0.707107 0.707107 
-0.153263 0.698753 0.698753 
-0.211325 0.577350 0.788675 
-0.302905 0.673887 0.673887 
-0.360199 0.548101 0.754879 
-0.153263 0.698753 0.698753 
-0.408248 0.408248 0.816497 
-0.211325 0.577350 0.788675 
-0.360199 0.548101 0.754879 
-0.153263 0.698753 0.698753 
-0.360199 0.548101 0.754879 
-0.211325 0.577350 0.788675 
-0.673887 0.302905 0.673887 
-0.548101 0.360199 0.754879 
-0.506121 0.506121 0.698343 
-0.408248 0.408248 0.816497 
-0.360199 0.548101 0.754879 
-0.548101 0.360199 0.754879 
-0.302905 0.673887 0.673887 
-0.506121 0.506121 0.698343 
-0.360199 0.548101 0.754879 
-0.548101 0.360199 0.754879 
-0.360199 0.548101 0.754879 
-0.506121 0.506121 0.698343 
0.000000 0.000000 1.000000 
0.000000 0.195090 0.980785 
-0.195090 0.000000 0.980785 
0.000000 0.382683 0.923880 
-0.198757 0.198757 0.959683 
0.000000 0.195090 0.980785 
-0.382683 0.000000 0.923880 
-0.195090 0.000000 0.980785 
-0.198757 0.198757 0.959683 
0.000000 0.195090 0.980785 
-0.198757 0.198757 0.959683 
-0.195090 0.000000 0.980785 
0.000000 0.707107 0.707107 
-0.211325 0.577350 0.788675 
0.000000 0.555570 0.831470 
-0.408248 0.408248 0.816497 
-0.208847 0.404615 0.890320 
-0.211325 0.577350 0.788675 
0.000000 0.382683 0.923880 
0.000000 0.555570 0.831470 
-0.208847 0.404615 0.890320 
-0.211325 0.577350 0.788675 
-0.208847 0.404615 0.890320 
0.000000 0.555570 0.831470 
-0.707107 0.000000 0.707107 
-0.555570 0.000000 0.831470 
-0.577350 0.211325 0.788675 
-0.382683 0.000000 0.923880 
-0.404615 0.208847 0.890320 
-0.555570 0.000000 0.831470 
-0.408248 0.408248 0.816497 
-0.577350 0.211325 0.788675 
-0.404615 0.208847 0.890320 
-0.555570 0.000000 0.831470 
-0.404615 0.208847 0.890320 
-0.577350 0.211325 0.788675 
0.000000 0.382683 0.923880 
-0.208847 0.404615 0.890320 
-0.198757 0.198757 0.959683 
-0.408248 0.408248 0.816497 
-0.404615 0.208847 0.890320 
-0.208847 0.404615 0.890320 
-0.382683 0.000000 0.923880 
-0.198757 0.198757 0.959683 
-0.404615 0.208847 0.890320 
-0.208847 0.404615 0.890320 
-0.404615 0.208847 0.890320 
-0.198757 0.198757 0.959683 
-0.577350 -0.577350 0.577350 
-0.445390 -0.633099 0.633099 
-0.464385 -0.464385 0.754117 
-0.302905 -0.673887 0.673887 
-0.320792 -0.510307 0.797922 
-0.445390 -0.633099 0.633099 
-0.325058 -0.325058 0.888074 
-0.464385 -0.464385 0.754117 
-0.320792 -0.510307 0.797922 
-0.445390 -0.633099 0.633099 
-0.320792 -0.510307 0.797922 
-0.464385 -0.464385 0.754117 
0.000000 -0.707107 0.707107 
0.000000 -0.555570 0.831470 
-0.153263 -0.698753 0.698753 
0.000000 -0.382683 0.923880 
-0.156192 -0.544816 0.823881 
0.000000 -0.555570 0.831470 
-0.302905 -0.673887 0.673887 
-0.153263 -0.698753 0.698753 
-0.156192 -0.544816 0.823881 
0.000000 -0.555570 0.831470 
-0.156192 -0.544816 0.823881 
-0.153263 -0.698753 0.698753 
0.000000 0.000000 1.000000 
-0.167277 -0.167277 0.971616 
0.000000 -0.195090 0.980785 
-0.325058 -0.325058 0.888074 
-0.164816 -0.358851 0.918728 
-0.167277 -0.167277 0.971616 
0.000000 -0.382683 0.923880 
0.000000 -0.195090 0.980785 
-0.164816 -0.358851 0.918728 
-0.167277 -0.167277 0.971616 
-0.164816 -0.358851 0.918728 
0.000000 -0.195090 0.980785 
-0.302905 -0.673887 0.673887 
-0.156192 -0.544816 0.823881 
-0.320792 -0.510307 0.797922 
0.000000 -0.382683 0.923880 
-0.164816 -0.358851 0.918728 
-0.156192 -0.544816 0.823881 
-0.325058 -0.325058 0.888074 
-0.320792 -0.510307 0.797922 
-0.164816 -0.358851 0.918728 
-0.156192 -0.544816 0.823881 
-0.164816 -0.358851 0.918728 
-0.320792 -0.510307 0.797922 
0.577350 -0.577350 0.577350 
0.633099 -0.445390 0.633099 
0.445390 -0.633099 0.633099 
0.673887 -0.302905 0.673887 
0.506121 -0.506121 0.698343 
0.633099 -0.445390 0.633099 
0.302905 -0.673887 0.673887 
0.445390 -0.633099 0.633099 
0.506121 -0.506121 0.698343 
0.633099 -0.445390 0.633099 
0.506121 -0.506121 0.698343 
0.445390 -0.633099 0.633099 
0.707107 0.000000 0.707107 
0.577350 -0.211325 0.788675 
0.698753 -0.153263 0.698753 
0.408248 -0.408248 0.816497 
0.548101 -0.360199 0.754879 
0.577350 -0.211325 0.788675 
0.673887 -0.302905 0.673887 
0.698753 -0.153263 0.698753 
0.548101 -0.360199 0.754879 
0.577350 -0.211325 0.788675 
0.548101 -0.360199 0.754879 
0.698753 -0.153263 0.698753 
0.000000 -0.707107 0.707107 
0.153263 -0.698753 0.698753 
0.211325 -0.577350 0.788675 
0.302905 -0.673887 0.673887 
0.360199 -0.548101 0.754879 
0.153263 -0.698753 0.698753 
0.408248 -0.408248 0.816497 
0.211325 -0.577350 0.788675 
0.360199 -0.548101 0.754879 
0.153263 -0.698753 0.698753 
0.360199 -0.548101 0.754879 
0.211325 -0.577350 0.788675 
0.673887 -0.302905 0.673887 
0.548101 -0.360199 0.754879 
0.506121 -0.506121 0.698343 
0.408248 -0.408248 0.816497 
0.360199 -0.548101 0.754879 
0.548101 -0.360199 0.754879 
0.302905 -0.673887 0.673887 
0.506121 -0.506121 0.698343 
0.360199 -0.548101 0.754879 
0.548101 -0.360199 0.754879 
0.360199 -0.548101 0.754879 
0.506121 -0.506121 0.698343 
0.577350 0.577350 0.577350 
0.464385 0.464385 0.754117 
0.633099 0.445390 0.633099 
0.325058 0.325058 0.888074 
0.510307 0.320792 0.797922 
0.464385 0.464385 0.754117 
0.673887 0.302905 0.673887 
0.633099 0.445390 0.633099 
0.510307 0.320792 0.797922 
0.464385 0.464385 0.754117 
0.510307 0.320792 0.797922 
0.633099 0.445390 0.633099 
0.000000 0.000000 1.000000 
0.195090 0.000000 0.980785 
0.167277 0.167277 0.971616 
0.382683 0.000000 0.923880 
0.358851 0.164816 0.918728 
0.195090 0.000000 0.980785 
0.325058 0.325058 0.888074 
0.167277 0.167277 0.971616 
0.358851 0.164816 0.918728 
0.195090 0.000000 0.980785 
0.358851 0.164816 0.918728 
0.167277 0.167277 0.971616 
0.707107 0.000000 0.707107 
0.698753 0.153263 0.698753 
0.555570 0.000000 0.831470 
0.673887 0.302905 0.673887 
0.544816 0.156192 0.823881 
0.698753 0.153263 0.698753 
0.382683 0.000000 0.923880 
0.555570 0.000000 0.831470 
0.544816 0.156192 0.823881 
0.698753 0.153263 0.698753 
0.544816 0.156192 0.823881 
0.555570 0.000000 0.831470 
0.325058 0.325058 0.888074 
0.358851 0.164816 0.918728 
0.510307 0.320792 0.797922 
0.382683 0.000000 0.923880 
0.544816 0.156192 0.823881 
0.358851 0.164816 0.918728 
0.673887 0.302905 0.673887 
0.510307 0.320792 0.797922 
0.544816 0.156192 0.823881 
0.358851 0.164816 0.918728 
0.544816 0.156192 0.823881 
0.510307 0.320792 0.797922 
0.000000 -0.707107 0.707107 
0.211325 -0.577350 0.788675 
0.000000 -0.555570 0.831470 
0.408248 -0.408248 0.816497 
0.208847 -0.404615 0.890320 
0.211325 -0.577350 0.788675 
0.000000 -0.382683 0.923880 
0.000000 -0.555570 0.831470 
0.208847 -0.404615 0.890320 
0.211325 -0.577350 0.788675 
0.208847 -0.404615 0.890320 
0.000000 -0.555570 0.831470 
0.707107 0.000000 0.707107 
0.555570 0.000000 0.831470 
0.577350 -0.211325 0.788675 
0.382683 0.000000 0.923880 
0.404615 -0.208847 0.890320 
0.555570 0.000000 0.831470 
0.408248 -0.408248 0.816497 
0.577350 -0.211325 0.788675 
0.404615 -0.208847 0.890320 
0.555570 0.000000 0.831470 
0.404615 -0.208847 0.890320 
0.577350 -0.211325 0.788675 
0.000000 0.000000 1.000000 
0.000000 -0.195090 0.980785 
0.195090 0.000000 0.980785 
0.000000 -0.382683 0.923880 
0.198757 -0.198757 0.959683 
0.000000 -0.195090 0.980785 
0.382683 0.000000 0.923880 
0.195090 0.000000 0.980785 
0.198757 -0.198757 0.959683 
0.000000 -0.195090 0.980785 
0.198757 -0.198757 0.959683 
0.195090 0.000000 0.980785 
0.408248 -0.408248 0.816497 
0.404615 -0.208847 0.890320 
0.208847 -0.404615 0.890320 
0.382683 0.000000 0.923880 
0.198757 -0.198757 0.959683 
0.404615 -0.208847 0.890320 
0.000000 -0.382683 0.923880 
0.208847 -0.404615 0.890320 
0.198757 -0.198757 0.959683 
0.404615 -0.208847 0.890320 
0.198757 -0.198757 0.959683 
0.208847 -0.404615 0.890320 
0.577350 -0.577350 0.577350 
0.633099 -0.633099 0.445390 
0.754117 -0.464385 0.464385 
0.673887 -0.673887 0.302905 
0.797922 -0.510307 0.320792 
0.633099 -0.633099 0.445390 
0.888074 -0.325058 0.325058 
0.754117 -0.464385 0.464385 
0.797922 -0.510307 0.320792 
0.633099 -0.633099 0.445390 
0.797922 -0.510307 0.320792 
0.754117 -0.464385 0.464385 
0.707107 -0.707107 0.000000 
0.831470 -0.555570 0.000000 
0.698753 -0.698753 0.153263 
0.923880 -0.382683 0.000000 
0.823881 -0.544816 0.156192 
0.831470 -0.555570 0.000000 
0.673887 -0.673887 0.302905 
0.698753 -0.698753 0.153263 
0.823881 -0.544816 0.156192 
0.831470 -0.555570 0.000000 
0.823881 -0.544816 0.156192 
0.698753 -0.698753 0.153263 
1.000000 0.000000 0.000000 
0.971616 -0.167277 0.167277 
0.980785 -0.195090 0.000000 
0.888074 -0.325058 0.325058 
0.918728 -0.358851 0.164816 
0.971616 -0.167277 0.167277 
0.923880 -0.382683 0.000000 
0.980785 -0.195090 0.000000 
0.918728 -0.358851 0.164816 
0.971616 -0.167277 0.167277 
0.918728 -0.358851 0.164816 
0.980785 -0.195090 0.000000 
0.673887 -0.673887 0.302905 
0.823881 -0.544816 0.156192 
0.797922 -0.510307 0.320792 
0.923880 -0.382683 0.000000 
0.918728 -0.358851 0.164816 
0.823881 -0.544816 0.156192 
0.888074 -0.325058 0.325058 
0.797922 -0.510307 0.320792 
0.918728 -0.358851 0.164816 
0.823881 -0.544816 0.156192 
0.918728 -0.358851 0.164816 
0.797922 -0.510307 0.320792 
0.577350 -0.577350 -0.577350 
0.633099 -0.445390 -0.633099 
0.633099 -0.633099 -0.445390 
0.673887 -0.302905 -0.673887 
0.698343 -0.506121 -0.506121 
0.633099 -0.445390 -0.633099 
0.673887 -0.673887 -0.302905 
0.633099 -0.633099 -0.445390 
0.698343 -0.506121 -0.506121 
0.633099 -0.445390 -0.633099 
0.698343 -0.506121 -0.506121 
0.633099 -0.633099 -0.445390 
0.707107 0.000000 -0.707107 
0.788675 -0.211325 -0.577350 
0.698753 -0.153263 -0.698753 
0.816497 -0.408248 -0.408248 
0.754879 -0.360199 -0.548101 
0.788675 -0.211325 -0.577350 
0.673887 -0.302905 -0.673887 
0.698753 -0.153263 -0.698753 
0.754879 -0.360199 -0.548101 
0.788675 -0.211325 -0.577350 
0.754879 -0.360199 -0.548101 
0.698753 -0.153263 -0.698753 
0.707107 -0.707107 0.000000 
0.698753 -0.698753 -0.153263 
0.788675 -0.577350 -0.211325 
0.673887 -0.673887 -0.302905 
0.754879 -0.548101 -0.360199 
0.698753 -0.698753 -0.153263 
0.816497 -0.408248 -0.408248 
0.788675 -0.577350 -0.211325 
0.754879 -0.548101 -0.360199 
0.698753 -0.698753 -0.153263 
0.754879 -0.548101 -0.360199 
0.788675 -0.577350 -0.211325 
0.673887 -0.302905 -0.673887 
0.754879 -0.360199 -0.548101 
0.698343 -0.506121 -0.506121 
0.816497 -0.408248 -0.408248 
0.754879 -0.548101 -0.360199 
0.754879 -0.360199 -0.548101 
0.673887 -0.673887 -0.302905 
0.698343 -0.506121 -0.506121 
0.754879 -0.548101 -0.360199 
0.754879 -0.360199 -0.548101 
0.754879 -0.548101 -0.360199 
0.698343 -0.506121 -0.506121 
0.577350 0.577350 -0.577350 
0.754117 0.464385 -0.464385 
0.633099 0.445390 -0.633099 
0.888074 0.325058 -0.325058 
0.797922 0.320792 -0.510307 
0.754117 0.464385 -0.464385 
0.673887 0.302905 -0.673887 
0.633099 0.445390 -0.633099 
0.797922 0.320792 -0.510307 
0.754117 0.464385 -0.464385 
0.797922 0.320792 -0.510307 
0.633099 0.445390 -0.633099 
1.000000 0.000000 0.000000 
0.980785 0.000000 -0.195090 
0.971616 0.167277 -0.167277 
0.923880 0.000000 -0.382683 
0.918728 0.164816 -0.358851 
0.980785 0.000000 -0.195090 
0.888074 0.325058 -0.325058 
0.971616 0.167277 -0.167277 
0.918728 0.164816 -0.358851 
0.980785 0.000000 -0.195090 
0.918728 0.164816 -0.358851 
0.971616 0.167277 -0.167277 
0.707107 0.000000 -0.707107 
0.698753 0.153263 -0.698753 
0.831470 0.000000 -0.555570 
0.673887 0.302905 -0.673887 
0.823881 0.156192 -0.544816 
0.698753 0.153263 -0.698753 
0.923880 0.000000 -0.382683 
0.831470 0.000000 -0.555570 
0.823881 0.156192 -0.544816 
0.698753 0.153263 -0.698753 
0.823881 0.156192 -0.544816 
0.831470 0.000000 -0.555570 
0.888074 0.325058 -0.325058 
0.918728 0.164816 -0.358851 
0.797922 0.320792 -0.510307 
0.923880 0.000000 -0.382683 
0.823881 0.156192 -0.544816 
0.918728 0.164816 -0.358851 
0.673887 0.302905 -0.673887 
0.797922 0.320792 -0.510307 
0.823881 0.156192 -0.544816 
0.918728 0.164816 -0.358851 
0.823881 0.156192 -0.544816 
0.797922 0.320792 -0.510307 
0.707107 -0.707107 0.000000 
0.788675 -0.577350 -0.211325 
0.831470 -0.555570 0.000000 
0.816497 -0.408248 -0.408248 
0.890320 -0.404615 -0.208847 
0.788675 -0.577350 -0.211325 
0.923880 -0.382683 0.000000 
0.831470 -0.555570 0.000000 
0.890320 -0.404615 -0.208847 
0.788675 -0.577350 -0.211325 
0.890320 -0.404615 -0.208847 
0.831470 -0.555570 0.000000 
0.707107 0.000000 -0.707107 
0.831470 0.000000 -0.555570 
0.788675 -0.211325 -0.577350 
0.923880 0.000000 -0.382683 
0.890320 -0.208847 -0.404615 
0.831470 0.000000 -0.555570 
0.816497 -0.408248 -0.408248 
0.788675 -0.211325 -0.577350 
0.890320 -0.208847 -0.404615 
0.831470 0.000000 -0.555570 
0.890320 -0.208847 -0.404615 
0.788675 -0.211325 -0.577350 
1.000000 0.000000 0.000000 
0.980785 -0.195090 0.000000 
0.980785 0.000000 -0.195090 
0.923880 -0.382683 0.000000 
0.959683 -0.198757 -0.198757 
0.980785 -0.195090 0.000000 
0.923880 0.000000 -0.382683 
0.980785 0.000000 -0.195090 
0.959683 -0.198757 -0.198757 
0.980785 -0.195090 0.000000 
0.959683 -0.198757 -0.198757 
0.980785 0.000000 -0.195090 
0.816497 -0.408248 -0.408248 
0.890320 -0.208847 -0.404615 
0.890320 -0.404615 -0.208847 
0.923880 0.000000 -0.382683 
0.959683 -0.198757 -0.198757 
0.890320 -0.208847 -0.404615 
0.923880 -0.382683 0.000000 
0.890320 -0.404615 -0.208847 
0.959683 -0.198757 -0.198757 
0.890320 -0.208847 -0.404615 
0.959683 -0.198757 -0.198757 
0.890320 -0.404615 -0.208847 
0.577350 -0.577350 0.577350 
0.754117 -0.464385 0.464385 
0.633099 -0.445390 0.633099 
0.888074 -0.325058 0.325058 
0.797922 -0.320792 0.510307 
0.754117 -0.464385 0.464385 
0.673887 -0.302905 0.673887 
0.633099 -0.445390 0.633099 
0.797922 -0.320792 0.510307 
0.754117 -0.464385 0.464385 
0.797922 -0.320792 0.510307 
0.633099 -0.445390 0.633099 
1.000000 0.000000 0.000000 
0.980785 0.000000 0.195090 
0.971616 -0.167277 0.167277 
0.923880 0.000000 0.382683 
0.918728 -0.164816 0.358851 
0.980785 0.000000 0.195090 
0.888074 -0.325058 0.325058 
0.971616 -0.167277 0.167277 
0.918728 -0.164816 0.358851 
0.980785 0.000000 0.195090 
0.918728 -0.164816 0.358851 
0.971616 -0.167277 0.167277 
0.707107 0.000000 0.707107 
0.698753 -0.153263 0.698753 
0.831470 0.000000 0.555570 
0.673887 -0.302905 0.673887 
0.823881 -0.156192 0.544816 
0.698753 -0.153263 0.698753 
0.923880 0.000000 0.382683 
0.831470 0.000000 0.555570 
0.823881 -0.156192 0.544816 
0.698753 -0.153263 0.698753 
0.823881 -0.156192 0.544816 
0.831470 0.000000 0.555570 
0.888074 -0.325058 0.325058 
0.918728 -0.164816 0.358851 
0.797922 -0.320792 0.510307 
0.923880 0.000000 0.382683 
0.823881 -0.156192 0.544816 
0.918728 -0.164816 0.358851 
0.673887 -0.302905 0.673887 
0.797922 -0.320792 0.510307 
0.823881 -0.156192 0.544816 
0.918728 -0.164816 0.358851 
0.823881 -0.156192 0.544816 
0.797922 -0.320792 0.510307 
0.577350 0.577350 -0.577350 
0.633099 0.633099 -0.445390 
0.754117 0.464385 -0.464385 
0.673887 0.673887 -0.302905 
0.797922 0.510307 -0.320792 
0.633099 0.633099 -0.445390 
0.888074 0.325058 -0.325058 
0.754117 0.464385 -0.464385 
0.797922 0.510307 -0.320792 
0.633099 0.633099 -0.445390 
0.797922 0.510307 -0.320792 
0.754117 0.464385 -0.464385 
0.707107 0.707107 0.000000 
0.831470 0.555570 0.000000 
0.698753 0.698753 -0.153263 
0.923880 0.382683 0.000000 
0.823881 0.544816 -0.156192 
0.831470 0.555570 0.000000 
0.673887 0.673887 -0.302905 
0.698753 0.698753 -0.153263 
0.823881 0.544816 -0.156192 
0.831470 0.555570 0.000000 
0.823881 0.544816 -0.156192 
0.698753 0.698753 -0.153263 
1.000000 0.000000 0.000000 
0.971616 0.167277 -0.167277 
0.980785 0.195090 0.000000 
0.888074 0.325058 -0.325058 
0.918728 0.358851 -0.164816 
0.971616 0.167277 -0.167277 
0.923880 0.382683 0.000000 
0.980785 0.195090 0.000000 
0.918728 0.358851 -0.164816 
0.971616 0.167277 -0.167277 
0.918728 0.358851 -0.164816 
0.980785 0.195090 0.000000 
0.673887 0.673887 -0.302905 
0.823881 0.544816 -0.156192 
0.797922 0.510307 -0.320792 
0.923880 0.382683 0.000000 
0.918728 0.358851 -0.164816 
0.823881 0.544816 -0.156192 
0.888074 0.325058 -0.325058 
0.797922 0.510307 -0.320792 
0.918728 0.358851 -0.164816 
0.823881 0.544816 -0.156192 
0.918728 0.358851 -0.164816 
0.797922 0.510307 -0.320792 
0.577350 0.577350 0.577350 
0.633099 0.445390 0.633099 
0.633099 0.633099 0.445390 
0.673887 0.302905 0.673887 
0.698343 0.506121 0.506121 
0.633099 0.445390 0.633099 
0.673887 0.673887 0.302905 
0.633099 0.633099 0.445390 
0.698343 0.506121 0.506121 
0.633099 0.445390 0.633099 
0.698343 0.506121 0.506121 
0.633099 0.633099 0.445390 
0.707107 0.000000 0.707107 
0.788675 0.211325 0.577350 
0.698753 0.153263 0.698753 
0.816497 0.408248 0.408248 
0.754879 0.360199 0.548101 
0.788675 0.211325 0.577350 
0.673887 0.302905 0.673887 
0.698753 0.153263 0.698753 
0.754879 0.360199 0.548101 
0.788675 0.211325 0.577350 
0.754879 0.360199 0.548101 
0.698753 0.153263 0.698753 
0.707107 0.707107 0.000000 
0.698753 0.698753 0.153263 
0.788675 0.577350 0.211325 
0.673887 0.673887 0.302905 
0.754879 0.548101 0.360199 
0.698753 0.698753 0.153263 
0.816497 0.408248 0.408248 
0.788675 0.577350 0.211325 
0.754879 0.548101 0.360199 
0.698753 0.698753 0.153263 
0.754879 0.548101 0.360199 
0.788675 0.577350 0.211325 
0.673887 0.302905 0.673887 
0.754879 0.360199 0.548101 
0.698343 0.506121 0.506121 
0.816497 0.408248 0.408248 
0.754879 0.548101 0.360199 
0.754879 0.360199 0.548101 
0.673887 0.673887 0.302905 
0.698343 0.506121 0.506121 
0.754879 0.548101 0.360199 
0.754879 0.360199 0.548101 
0.754879 0.548101 0.360199 
0.698343 0.506121 0.506121 
1.000000 0.000000 0.000000 
0.980785 0.195090 0.000000 
0.980785 0.000000 0.195090 
0.923880 0.382683 0.000000 
0.959683 0.198757 0.198757 
0.980785 0.195090 0.000000 
0.923880 0.000000 0.382683 
0.980785 0.000000 0.195090 
0.959683 0.198757 0.198757 
0.980785 0.195090 0.000000 
0.959683 0.198757 0.198757 
0.980785 0.000000 0.195090 
0.707107 0.707107 0.000000 
0.788675 0.577350 0.211325 
0.831470 0.555570 0.000000 
0.816497 0.408248 0.408248 
0.890320 0.404615 0.208847 
0.788675 0.577350 0.211325 
0.923880 0.382683 0.000000 
0.831470 0.555570 0.000000 
0.890320 0.404615 0.208847 
0.788675 0.577350 0.211325 
0.890320 0.404615 0.208847 
0.831470 0.555570 0.000000 
0.707107 0.000000 0.707107 
0.831470 0.000000 0.555570 
0.788675 0.211325 0.577350 
0.923880 0.000000 0.382683 
0.890320 0.208847 0.404615 
0.831470 0.000000 0.555570 
0.816497 0.408248 0.408248 
0.788675 0.211325 0.577350 
0.890320 0.208847 0.404615 
0.831470 0.000000 0.555570 
0.890320 0.208847 0.404615 
0.788675 0.211325 0.577350 
0.923880 0.382683 0.000000 
0.890320 0.404615 0.208847 
0.959683 0.198757 0.198757 
0.816497 0.408248 0.408248 
0.890320 0.208847 0.404615 
0.890320 0.404615 0.208847 
0.923880 0.000000 0.382683 
0.959683 0.198757 0.198757 
0.890320 0.208847 0.404615 
0.890320 0.404615 0.208847 
0.890320 0.208847 0.404615 
0.959683 0.198757 0.198757 
-0.577350 -0.577350 -0.577350 
-0.633099 -0.445390 -0.633099 
-0.464385 -0.464385 -0.754117 
-0.673887 -0.302905 -0.673887 
-0.510307 -0.320792 -0.797922 
-0.633099 -0.445390 -0.633099 
-0.325058 -0.325058 -0.888074 
-0.464385 -0.464385 -0.754117 
-0.510307 -0.320792 -0.797922 
-0.633099 -0.445390 -0.633099 
-0.510307 -0.320792 -0.797922 
-0.464385 -0.464385 -0.754117 
-0.707107 0.000000 -0.707107 
-0.555570 0.000000 -0.831470 
-0.698753 -0.153263 -0.698753 
-0.382683 0.000000 -0.923880 
-0.544816 -0.156192 -0.823881 
-0.555570 0.000000 -0.831470 
-0.673887 -0.302905 -0.673887 
-0.698753 -0.153263 -0.698753 
-0.544816 -0.156192 -0.823881 
-0.555570 0.000000 -0.831470 
-0.544816 -0.156192 -0.823881 
-0.698753 -0.153263 -0.698753 
0.000000 0.000000 -1.000000 
-0.167277 -0.167277 -0.971616 
-0.195090 0.000000 -0.980785 
-0.325058 -0.325058 -0.888074 
-0.358851 -0.164816 -0.918728 
-0.167277 -0.167277 -0.971616 
-0.382683 0.000000 -0.923880 
-0.195090 0.000000 -0.980785 
-0.358851 -0.164816 -0.918728 
-0.167277 -0.167277 -0.971616 
-0.358851 -0.164816 -0.918728 
-0.195090 0.000000 -0.980785 
-0.673887 -0.302905 -0.673887 
-0.544816 -0.156192 -0.823881 
-0.510307 -0.320792 -0.797922 
-0.382683 0.000000 -0.923880 
-0.358851 -0.164816 -0.918728 
-0.544816 -0.156192 -0.823881 
-0.325058 -0.325058 -0.888074 
-0.510307 -0.320792 -0.797922 
-0.358851 -0.164816 -0.918728 
-0.544816 -0.156192 -0.823881 
-0.358851 -0.164816 -0.918728 
-0.510307 -0.320792 -0.797922 
-0.577350 0.577350 -0.577350 
-0.445390 0.633099 -0.633099 
-0.633099 0.445390 -0.633099 
-0.302905 0.673887 -0.673887 
-0.506121 0.506121 -0.698343 
-0.445390 0.633099 -0.633099 
-0.673887 0.302905 -0.673887 
-0.633099 0.445390 -0.633099 
-0.506121 0.506121 -0.698343 
-0.445390 0.633099 -0.633099 
-0.506121 0.506121 -0.698343 
-0.633099 0.445390 -0.633099 
0.000000 0.707107 -0.707107 
-0.211325 0.577350 -0.788675 
-0.153263 0.698753 -0.698753 
-0.408248 0.408248 -0.816497 
-0.360199 0.548101 -0.754879 
-0.211325 0.577350 -0.788675 
-0.302905 0.673887 -0.673887 
-0.153263 0.698753 -0.698753 
-0.360199 0.548101 -0.754879 
-0.211325 0.577350 -0.788675 
-0.360199 0.548101 -0.754879 
-0.153263 0.698753 -0.698753 
-0.707107 0.000000 -0.707107 
-0.698753 0.153263 -0.698753 
-0.577350 0.211325 -0.788675 
-0.673887 0.302905 -0.673887 
-0.548101 0.360199 -0.754879 
-0.698753 0.153263 -0.698753 
-0.408248 0.408248 -0.816497 
-0.577350 0.211325 -0.788675 
-0.548101 0.360199 -0.754879 
-0.698753 0.153263 -0.698753 
-0.548101 0.360199 -0.754879 
-0.577350 0.211325 -0.788675 
-0.302905 0.673887 -0.673887 
-0.360199 0.548101 -0.754879 
-0.506121 0.506121 -0.698343 
-0.408248 0.408248 -0.816497 
-0.548101 0.360199 -0.754879 
-0.360199 0.548101 -0.754879 
-0.673887 0.302905 -0.673887 
-0.506121 0.506121 -0.698343 
-0.548101 0.360199 -0.754879 
-0.360199 0.548101 -0.754879 
-0.548101 0.360199 -0.754879 
-0.506121 0.506121 -0.698343 
0.577350 0.577350 -0.577350 
0.464385 0.464385 -0.754117 
0.445390 0.633099 -0.633099 
0.325058 0.325058 -0.888074 
0.320792 0.510307 -0.797922 
0.464385 0.464385 -0.754117 
0.302905 0.673887 -0.673887 
0.445390 0.633099 -0.633099 
0.320792 0.510307 -0.797922 
0.464385 0.464385 -0.754117 
0.320792 0.510307 -0.797922 
0.445390 0.633099 -0.633099 
0.000000 0.000000 -1.000000 
0.000000 0.195090 -0.980785 
0.167277 0.167277 -0.971616 
0.000000 0.382683 -0.923880 
0.164816 0.358851 -0.918728 
0.000000 0.195090 -0.980785 
0.325058 0.325058 -0.888074 
0.167277 0.167277 -0.971616 
0.164816 0.358851 -0.918728 
0.000000 0.195090 -0.980785 
0.164816 0.358851 -0.918728 
0.167277 0.167277 -0.971616 
0.000000 0.707107 -0.707107 
0.153263 0.698753 -0.698753 
0.000000 0.555570 -0.831470 
0.302905 0.673887 -0.673887 
0.156192 0.544816 -0.823881 
0.153263 0.698753 -0.698753 
0.000000 0.382683 -0.923880 
0.000000 0.555570 -0.831470 
0.156192 0.544816 -0.823881 
0.153263 0.698753 -0.698753 
0.156192 0.544816 -0.823881 
0.000000 0.555570 -0.831470 
0.325058 0.325058 -0.888074 
0.164816 0.358851 -0.918728 
0.320792 0.510307 -0.797922 
0.000000 0.382683 -0.923880 
0.156192 0.544816 -0.823881 
0.164816 0.358851 -0.918728 
0.302905 0.673887 -0.673887 
0.320792 0.510307 -0.797922 
0.156192 0.544816 -0.823881 
0.164816 0.358851 -0.918728 
0.156192 0.544816 -0.823881 
0.320792 0.510307 -0.797922 
-0.707107 0.000000 -0.707107 
-0.577350 0.211325 -0.788675 
-0.555570 0.000000 -0.831470 
-0.408248 0.408248 -0.816497 
-0.404615 0.208847 -0.890320 
-0.577350 0.211325 -0.788675 
-0.382683 0.000000 -0.923880 
-0.555570 0.000000 -0.831470 
-0.404615 0.208847 -0.890320 
-0.577350 0.211325 -0.788675 
-0.404615 0.208847 -0.890320 
-0.555570 0.000000 -0.831470 
0.000000 0.707107 -0.707107 
0.000000 0.555570 -0.831470 
-0.211325 0.577350 -0.788675 
0.000000 0.382683 -0.923880 
-0.208847 0.404615 -0.890320 
0.000000 0.555570 -0.831470 
-0.408248 0.408248 -0.816497 
-0.211325 0.577350 -0.788675 
-0.208847 0.404615 -0.890320 
0.000000 0.555570 -0.831470 
-0.208847 0.404615 -0.890320 
-0.211325 0.577350 -0.788675 
0.000000 0.000000 -1.000000 
-0.195090 0.000000 -0.980785 
0.000000 0.195090 -0.980785 
-0.382683 0.000000 -0.923880 
-0.198757 0.198757 -0.959683 
-0.195090 0.000000 -0.980785 
0.000000 0.382683 -0.923880 
0.000000 0.195090 -0.980785 
-0.198757 0.198757 -0.959683 
-0.195090 0.000000 -0.980785 
-0.198757 0.198757 -0.959683 
0.000000 0.195090 -0.980785 
-0.408248 0.408248 -0.816497 
-0.208847 0.404615 -0.890320 
-0.404615 0.208847 -0.890320 
0.000000 0.382683 -0.923880 
-0.198757 0.198757 -0.959683 
-0.208847 0.404615 -0.890320 
-0.382683 0.000000 -0.923880 
-0.404615 0.208847 -0.890320 
-0.198757 0.198757 -0.959683 
-0.208847 0.404615 -0.890320 
-0.198757 0.198757 -0.959683 
-0.404615 0.208847 -0.890320 
-0.577350 -0.577350 -0.577350 
-0.464385 -0.464385 -0.754117 
-0.445390 -0.633099 -0.633099 
-0.325058 -0.325058 -0.888074 
-0.320792 -0.510307 -0.797922 
-0.464385 -0.464385 -0.754117 
-0.302905 -0.673887 -0.673887 
-0.445390 -0.633099 -0.633099 
-0.320792 -0.510307 -0.797922 
-0.464385 -0.464385 -0.754117 
-0.320792 -0.510307 -0.797922 
-0.445390 -0.633099 -0.633099 
0.000000 0.000000 -1.000000 
0.000000 -0.195090 -0.980785 
-0.167277 -0.167277 -0.971616 
0.000000 -0.382683 -0.923880 
-0.164816 -0.358851 -0.918728 
0.000000 -0.195090 -0.980785 
-0.325058 -0.325058 -0.888074 
-0.167277 -0.167277 -0.971616 
-0.164816 -0.358851 -0.918728 
0.000000 -0.195090 -0.980785 
-0.164816 -0.358851 -0.918728 
-0.167277 -0.167277 -0.971616 
0.000000 -0.707107 -0.707107 
-0.153263 -0.698753 -0.698753 
0.000000 -0.555570 -0.831470 
-0.302905 -0.673887 -0.673887 
-0.156192 -0.544816 -0.823881 
-0.153263 -0.698753 -0.698753 
0.000000 -0.382683 -0.923880 
0.000000 -0.555570 -0.831470 
-0.156192 -0.544816 -0.823881 
-0.153263 -0.698753 -0.698753 
-0.156192 -0.544816 -0.823881 
0.000000 -0.555570 -0.831470 
-0.325058 -0.325058 -0.888074 
-0.164816 -0.358851 -0.918728 
-0.320792 -0.510307 -0.797922 
0.000000 -0.382683 -0.923880 
-0.156192 -0.544816 -0.823881 
-0.164816 -0.358851 -0.918728 
-0.302905 -0.673887 -0.673887 
-0.320792 -0.510307 -0.797922 
-0.156192 -0.544816 -0.823881 
-0.164816 -0.358851 -0.918728 
-0.156192 -0.544816 -0.823881 
-0.320792 -0.510307 -0.797922 
0.577350 0.577350 -0.577350 
0.633099 0.445390 -0.633099 
0.464385 0.464385 -0.754117 
0.673887 0.302905 -0.673887 
0.510307 0.320792 -0.797922 
0.633099 0.445390 -0.633099 
0.325058 0.325058 -0.888074 
0.464385 0.464385 -0.754117 
0.510307 0.320792 -0.797922 
0.633099 0.445390 -0.633099 
0.510307 0.320792 -0.797922 
0.464385 0.464385 -0.754117 
0.707107 0.000000 -0.707107 
0.555570 0.000000 -0.831470 
0.698753 0.153263 -0.698753 
0.382683 0.000000 -0.923880 
0.544816 0.156192 -0.823881 
0.555570 0.000000 -0.831470 
0.673887 0.302905 -0.673887 
0.698753 0.153263 -0.698753 
0.544816 0.156192 -0.823881 
0.555570 0.000000 -0.831470 
0.544816 0.156192 -0.823881 
0.698753 0.153263 -0.698753 
0.000000 0.000000 -1.000000 
0.167277 0.167277 -0.971616 
0.195090 0.000000 -0.980785 
0.325058 0.325058 -0.888074 
0.358851 0.164816 -0.918728 
0.167277 0.167277 -0.971616 
0.382683 0.000000 -0.923880 
0.195090 0.000000 -0.980785 
0.358851 0.164816 -0.918728 
0.167277 0.167277 -0.971616 
0.358851 0.164816 -0.918728 
0.195090 0.000000 -0.980785 
0.673887 0.302905 -0.673887 
0.544816 0.156192 -0.823881 
0.510307 0.320792 -0.797922 
0.382683 0.000000 -0.923880 
0.358851 0.164816 -0.918728 
0.544816 0.156192 -0.823881 
0.325058 0.325058 -0.888074 
0.510307 0.320792 -0.797922 
0.358851 0.164816 -0.918728 
0.544816 0.156192 -0.823881 
0.358851 0.164816 -0.918728 
0.510307 0.320792 -0.797922 
0.577350 -0.577350 -0.577350 
0.445390 -0.633099 -0.633099 
0.633099 -0.445390 -0.633099 
0.302905 -0.673887 -0.673887 
0.506121 -0.506121 -0.698343 
0.445390 -0.633099 -0.633099 
0.673887 -0.302905 -0.673887 
0.633099 -0.445390 -0.633099 
0.506121 -0.506121 -0.698343 
0.445390 -0.633099 -0.633099 
0.506121 -0.506121 -0.698343 
0.633099 -0.445390 -0.633099 
0.000000 -0.707107 -0.707107 
0.211325 -0.577350 -0.788675 
0.153263 -0.698753 -0.698753 
0.408248 -0.408248 -0.816497 
0.360199 -0.548101 -0.754879 
0.211325 -0.577350 -0.788675 
0.302905 -0.673887 -0.673887 
0.153263 -0.698753 -0.698753 
0.360199 -0.548101 -0.754879 
0.211325 -0.577350 -0.788675 
0.360199 -0.548101 -0.754879 
0.153263 -0.698753 -0.698753 
0.707107 0.000000 -0.707107 
0.698753 -0.153263 -0.698753 
0.577350 -0.211325 -0.788675 
0.673887 -0.302905 -0.673887 
0.548101 -0.360199 -0.754879 
0.698753 -0.153263 -0.698753 
0.408248 -0.408248 -0.816497 
0.577350 -0.211325 -0.788675 
0.548101 -0.360199 -0.754879 
0.698753 -0.153263 -0.698753 
0.548101 -0.360199 -0.754879 
0.577350 -0.211325 -0.788675 
0.302905 -0.673887 -0.673887 
0.360199 -0.548101 -0.754879 
0.506121 -0.506121 -0.698343 
0.408248 -0.408248 -0.816497 
0.548101 -0.360199 -0.754879 
0.360199 -0.548101 -0.754879 
0.673887 -0.302905 -0.673887 
0.506121 -0.506121 -0.698343 
0.548101 -0.360199 -0.754879 
0.360199 -0.548101 -0.754879 
0.548101 -0.360199 -0.754879 
0.506121 -0.506121 -0.698343 
0.000000 0.000000 -1.000000 
0.195090 0.000000 -0.980785 
0.000000 -0.195090 -0.980785 
0.382683 0.000000 -0.923880 
0.198757 -0.198757 -0.959683 
0.195090 0.000000 -0.980785 
0.000000 -0.382683 -0.923880 
0.000000 -0.195090 -0.980785 
0.198757 -0.198757 -0.959683 
0.195090 0.000000 -0.980785 
0.198757 -0.198757 -0.959683 
0.000000 -0.195090 -0.980785 
0.707107 0.000000 -0.707107 
0.577350 -0.211325 -0.788675 
0.555570 0.000000 -0.831470 
0.408248 -0.408248 -0.816497 
0.404615 -0.208847 -0.890320 
0.577350 -0.211325 -0.788675 
0.382683 0.000000 -0.923880 
0.555570 0.000000 -0.831470 
0.404615 -0.208847 -0.890320 
0.577350 -0.211325 -0.788675 
0.404615 -0.208847 -0.890320 
0.555570 0.000000 -0.831470 
0.000000 -0.707107 -0.707107 
0.000000 -0.555570 -0.831470 
0.211325 -0.577350 -0.788675 
0.000000 -0.382683 -0.923880 
0.208847 -0.404615 -0.890320 
0.000000 -0.555570 -0.831470 
0.408248 -0.408248 -0.816497 
0.211325 -0.577350 -0.788675 
0.208847 -0.404615 -0.890320 
0.000000 -0.555570 -0.831470 
0.208847 -0.404615 -0.890320 
0.211325 -0.577350 -0.788675 
0.382683 0.000000 -0.923880 
0.404615 -0.208847 -0.890320 
0.198757 -0.198757 -0.959683 
0.408248 -0.408248 -0.816497 
0.208847 -0.404615 -0.890320 
0.404615 -0.208847 -0.890320 
0.000000 -0.382683 -0.923880 
0.198757 -0.198757 -0.959683 
0.208847 -0.404615 -0.890320 
0.404615 -0.208847 -0.890320 
0.208847 -0.404615 -0.890320 
0.198757 -0.198757 -0.959683 
-0.577350 -0.577350 -0.577350 
-0.633099 -0.633099 -0.445390 
-0.633099 -0.445390 -0.633099 
-0.673887 -0.673887 -0.302905 
-0.698343 -0.506121 -0.506121 
-0.633099 -0.633099 -0.445390 
-0.673887 -0.302905 -0.673887 
-0.633099 -0.445390 -0.633099 
-0.698343 -0.506121 -0.506121 
-0.633099 -0.633099 -0.445390 
-0.698343 -0.506121 -0.506121 
-0.633099 -0.445390 -0.633099 
-0.707107 -0.707107 0.000000 
-0.788675 -0.577350 -0.211325 
-0.698753 -0.698753 -0.153263 
-0.816497 -0.408248 -0.408248 
-0.754879 -0.548101 -0.360199 
-0.788675 -0.577350 -0.211325 
-0.673887 -0.673887 -0.302905 
-0.698753 -0.698753 -0.153263 
-0.754879 -0.548101 -0.360199 
-0.788675 -0.577350 -0.211325 
-0.754879 -0.548101 -0.360199 
-0.698753 -0.698753 -0.153263 
-0.707107 0.000000 -0.707107 
-0.698753 -0.153263 -0.698753 
-0.788675 -0.211325 -0.577350 
-0.673887 -0.302905 -0.673887 
-0.754879 -0.360199 -0.548101 
-0.698753 -0.153263 -0.698753 
-0.816497 -0.408248 -0.408248 
-0.788675 -0.211325 -0.577350 
-0.754879 -0.360199 -0.548101 
-0.698753 -0.153263 -0.698753 
-0.754879 -0.360199 -0.548101 
-0.788675 -0.211325 -0.577350 
-0.673887 -0.673887 -0.302905 
-0.754879 -0.548101 -0.360199 
-0.698343 -0.506121 -0.506121 
-0.816497 -0.408248 -0.408248 
-0.754879 -0.360199 -0.548101 
-0.754879 -0.548101 -0.360199 
-0.673887 -0.302905 -0.673887 
-0.698343 -0.506121 -0.506121 
-0.754879 -0.360199 -0.548101 
-0.754879 -0.548101 -0.360199 
-0.754879 -0.360199 -0.548101 
-0.698343 -0.506121 -0.506121 
-0.577350 -0.577350 0.577350 
-0.754117 -0.464385 0.464385 
-0.633099 -0.633099 0.445390 
-0.888074 -0.325058 0.325058 
-0.797922 -0.510307 0.320792 
-0.754117 -0.464385 0.464385 
-0.673887 -0.673887 0.302905 
-0.633099 -0.633099 0.445390 
-0.797922 -0.510307 0.320792 
-0.754117 -0.464385 0.464385 
-0.797922 -0.510307 0.320792 
-0.633099 -0.633099 0.445390 
-1.000000 0.000000 0.000000 
-0.980785 -0.195090 0.000000 
-0.971616 -0.167277 0.167277 
-0.923880 -0.382683 0.000000 
-0.918728 -0.358851 0.164816 
-0.980785 -0.195090 0.000000 
-0.888074 -0.325058 0.325058 
-0.971616 -0.167277 0.167277 
-0.918728 -0.358851 0.164816 
-0.980785 -0.195090 0.000000 
-0.918728 -0.358851 0.164816 
-0.971616 -0.167277 0.167277 
-0.707107 -0.707107 0.000000 
-0.698753 -0.698753 0.153263 
-0.831470 -0.555570 0.000000 
-0.673887 -0.673887 0.302905 
-0.823881 -0.544816 0.156192 
-0.698753 -0.698753 0.153263 
-0.923880 -0.382683 0.000000 
-0.831470 -0.555570 0.000000 
-0.823881 -0.544816 0.156192 
-0.698753 -0.698753 0.153263 
-0.823881 -0.544816 0.156192 
-0.831470 -0.555570 0.000000 
-0.888074 -0.325058 0.325058 
-0.918728 -0.358851 0.164816 
-0.797922 -0.510307 0.320792 
-0.923880 -0.382683 0.000000 
-0.823881 -0.544816 0.156192 
-0.918728 -0.358851 0.164816 
-0.673887 -0.673887 0.302905 
-0.797922 -0.510307 0.320792 
-0.823881 -0.544816 0.156192 
-0.918728 -0.358851 0.164816 
-0.823881 -0.544816 0.156192 
-0.797922 -0.510307 0.320792 
-0.577350 0.577350 -0.577350 
-0.633099 0.445390 -0.633099 
-0.754117 0.464385 -0.464385 
-0.673887 0.302905 -0.673887 
-0.797922 0.320792 -0.510307 
-0.633099 0.445390 -0.633099 
-0.888074 0.325058 -0.325058 
-0.754117 0.464385 -0.464385 
-0.797922 0.320792 -0.510307 
-0.633099 0.445390 -0.633099 
-0.797922 0.320792 -0.510307 
-0.754117 0.464385 -0.464385 
-0.707107 0.000000 -0.707107 
-0.831470 0.000000 -0.555570 
-0.698753 0.153263 -0.698753 
-0.923880 0.000000 -0.382683 
-0.823881 0.156192 -0.544816 
-0.831470 0.000000 -0.555570 
-0.673887 0.302905 -0.673887 
-0.698753 0.153263 -0.698753 
-0.823881 0.156192 -0.544816 
-0.831470 0.000000 -0.555570 
-0.823881 0.156192 -0.544816 
-0.698753 0.153263 -0.698753 
-1.000000 0.000000 0.000000 
-0.971616 0.167277 -0.167277 
-0.980785 0.000000 -0.195090 
-0.888074 0.325058 -0.325058 
-0.918728 0.164816 -0.358851 
-0.971616 0.167277 -0.167277 
-0.923880 0.000000 -0.382683 
-0.980785 0.000000 -0.195090 
-0.918728 0.164816 -0.358851 
-0.971616 0.167277 -0.167277 
-0.918728 0.164816 -0.358851 
-0.980785 0.000000 -0.195090 
-0.673887 0.302905 -0.673887 
-0.823881 0.156192 -0.544816 
-0.797922 0.320792 -0.510307 
-0.923880 0.000000 -0.382683 
-0.918728 0.164816 -0.358851 
-0.823881 0.156192 -0.544816 
-0.888074 0.325058 -0.325058 
-0.797922 0.320792 -0.510307 
-0.918728 0.164816 -0.358851 
-0.823881 0.156192 -0.544816 
-0.918728 0.164816 -0.358851 
-0.797922 0.320792 -0.510307 
-0.707107 -0.707107 0.000000 
-0.831470 -0.555570 0.000000 
-0.788675 -0.577350 -0.211325 
-0.923880 -0.382683 0.000000 
-0.890320 -0.404615 -0.208847 
-0.831470 -0.555570 0.000000 
-0.816497 -0.408248 -0.408248 
-0.788675 -0.577350 -0.211325 
-0.890320 -0.404615 -0.208847 
-0.831470 -0.555570 0.000000 
-0.890320 -0.404615 -0.208847 
-0.788675 -0.577350 -0.211325 
-1.000000 0.000000 0.000000 
-0.980785 0.000000 -0.195090 
-0.980785 -0.195090 0.000000 
-0.923880 0.000000 -0.382683 
-0.959683 -0.198757 -0.198757 
-0.980785 0.000000 -0.195090 
-0.923880 -0.382683 0.000000 
-0.980785 -0.195090 0.000000 
-0.959683 -0.198757 -0.198757 
-0.980785 0.000000 -0.195090 
-0.959683 -0.198757 -0.198757 
-0.980785 -0.195090 0.000000 
-0.707107 0.000000 -0.707107 
-0.788675 -0.211325 -0.577350 
-0.831470 0.000000 -0.555570 
-0.816497 -0.408248 -0.408248 
-0.890320 -0.208847 -0.404615 
-0.788675 -0.211325 -0.577350 
-0.923880 0.000000 -0.382683 
-0.831470 0.000000 -0.555570 
-0.890320 -0.208847 -0.404615 
-0.788675 -0.211325 -0.577350 
-0.890320 -0.208847 -0.404615 
-0.831470 0.000000 -0.555570 
-0.923880 -0.382683 0.000000 
-0.959683 -0.198757 -0.198757 
-0.890320 -0.404615 -0.208847 
-0.923880 0.000000 -0.382683 
-0.890320 -0.208847 -0.404615 
-0.959683 -0.198757 -0.198757 
-0.816497 -0.408248 -0.408248 
-0.890320 -0.404615 -0.208847 
-0.890320 -0.208847 -0.404615 
-0.959683 -0.198757 -0.198757 
-0.890320 -0.208847 -0.404615 
-0.890320 -0.404615 -0.208847 
-0.577350 -0.577350 0.577350 
-0.633099 -0.445390 0.633099 
-0.754117 -0.464385 0.464385 
-0.673887 -0.302905 0.673887 
-0.797922 -0.320792 0.510307 
-0.633099 -0.445390 0.633099 
-0.888074 -0.325058 0.325058 
-0.754117 -0.464385 0.464385 
-0.797922 -0.320792 0.510307 
-0.633099 -0.445390 0.633099 
-0.797922 -0.320792 0.510307 
-0.754117 -0.464385 0.464385 
-0.707107 0.000000 0.707107 
-0.831470 0.000000 0.555570 
-0.698753 -0.153263 0.698753 
-0.923880 0.000000 0.382683 
-0.823881 -0.156192 0.544816 
-0.831470 0.000000 0.555570 
-0.673887 -0.302905 0.673887 
-0.698753 -0.153263 0.698753 
-0.823881 -0.156192 0.544816 
-0.831470 0.000000 0.555570 
-0.823881 -0.156192 0.544816 
-0.698753 -0.153263 0.698753 
-1.000000 0.000000 0.000000 
-0.971616 -0.167277 0.167277 
-0.980785 0.000000 0.195090 
-0.888074 -0.325058 0.325058 
-0.918728 -0.164816 0.358851 
-0.971616 -0.167277 0.167277 
-0.923880 0.000000 0.382683 
-0.980785 0.000000 0.195090 
-0.918728 -0.164816 0.358851 
-0.971616 -0.167277 0.167277 
-0.918728 -0.164816 0.358851 
-0.980785 0.000000 0.195090 
-0.673887 -0.302905 0.673887 
-0.823881 -0.156192 0.544816 
-0.797922 -0.320792 0.510307 
-0.923880 0.000000 0.382683 
-0.918728 -0.164816 0.358851 
-0.823881 -0.156192 0.544816 
-0.888074 -0.325058 0.325058 
-0.797922 -0.320792 0.510307 
-0.918728 -0.164816 0.358851 
-0.823881 -0.156192 0.544816 
-0.918728 -0.164816 0.358851 
-0.797922 -0.320792 0.510307 
-0.577350 0.577350 0.577350 
-0.633099 0.633099 0.445390 
-0.633099 0.445390 0.633099 
-0.673887 0.673887 0.302905 
-0.698343 0.506121 0.506121 
-0.633099 0.633099 0.445390 
-0.673887 0.302905 0.673887 
-0.633099 0.445390 0.633099 
-0.698343 0.506121 0.506121 
-0.633099 0.633099 0.445390 
-0.698343 0.506121 0.506121 
-0.633099 0.445390 0.633099 
-0.707107 0.707107 0.000000 
-0.788675 0.577350 0.211325 
-0.698753 0.698753 0.153263 
-0.816497 0.408248 0.408248 
-0.754879 0.548101 0.360199 
-0.788675 0.577350 0.211325 
-0.673887 0.673887 0.302905 
-0.698753 0.698753 0.153263 
-0.754879 0.548101 0.360199 
-0.788675 0.577350 0.211325 
-0.754879 0.548101 0.360199 
-0.698753 0.698753 0.153263 
-0.707107 0.000000 0.707107 
-0.698753 0.153263 0.698753 
-0.788675 0.211325 0.577350 
-0.673887 0.302905 0.673887 
-0.754879 0.360199 0.548101 
-0.698753 0.153263 0.698753 
-0.816497 0.408248 0.408248 
-0.788675 0.211325 0.577350 
-0.754879 0.360199 0.548101 
-0.698753 0.153263 0.698753 
-0.754879 0.360199 0.548101 
-0.788675 0.211325 0.577350 
-0.673887 0.673887 0.302905 
-0.754879 0.548101 0.360199 
-0.698343 0.506121 0.506121 
-0.816497 0.408248 0.408248 
-0.754879 0.360199 0.548101 
-0.754879 0.548101 0.360199 
-0.673887 0.302905 0.673887 
-0.698343 0.506121 0.506121 
-0.754879 0.360199 0.548101 
-0.754879 0.548101 0.360199 
-0.754879 0.360199 0.548101 
-0.698343 0.506121 0.506121 
-0.577350 0.577350 -0.577350 
-0.754117 0.464385 -0.464385 
-0.633099 0.633099 -0.445390 
-0.888074 0.325058 -0.325058 
-0.797922 0.510307 -0.320792 
-0.754117 0.464385 -0.464385 
-0.673887 0.673887 -0.302905 
-0.633099 0.633099 -0.445390 
-0.797922 0.510307 -0.320792 
-0.754117 0.464385 -0.464385 
-0.797922 0.510307 -0.320792 
-0.633099 0.633099 -0.445390 
-1.000000 0.000000 0.000000 
-0.980785 0.195090 0.000000 
-0.971616 0.167277 -0.167277 
-0.923880 0.382683 0.000000 
-0.918728 0.358851 -0.164816 
-0.980785 0.195090 0.000000 
-0.888074 0.325058 -0.325058 
-0.971616 0.167277 -0.167277 
-0.918728 0.358851 -0.164816 
-0.980785 0.195090 0.000000 
-0.918728 0.358851 -0.164816 
-0.971616 0.167277 -0.167277 
-0.707107 0.707107 0.000000 
-0.698753 0.698753 -0.153263 
-0.831470 0.555570 0.000000 
-0.673887 0.673887 -0.302905 
-0.823881 0.544816 -0.156192 
-0.698753 0.698753 -0.153263 
-0.923880 0.382683 0.000000 
-0.831470 0.555570 0.000000 
-0.823881 0.544816 -0.156192 
-0.698753 0.698753 -0.153263 
-0.823881 0.544816 -0.156192 
-0.831470 0.555570 0.000000 
-0.888074 0.325058 -0.325058 
-0.918728 0.358851 -0.164816 
-0.797922 0.510307 -0.320792 
-0.923880 0.382683 0.000000 
-0.823881 0.544816 -0.156192 
-0.918728 0.358851 -0.164816 
-0.673887 0.673887 -0.302905 
-0.797922 0.510307 -0.320792 
-0.823881 0.544816 -0.156192 
-0.918728 0.358851 -0.164816 
-0.823881 0.544816 -0.156192 
-0.797922 0.510307 -0.320792 
-0.707107 0.000000 0.707107 
-0.788675 0.211325 0.577350 
-0.831470 0.000000 0.555570 
-0.816497 0.408248 0.408248 
-0.890320 0.208847 0.404615 
-0.788675 0.211325 0.577350 
-0.923880 0.000000 0.382683 
-0.831470 0.000000 0.555570 
-0.890320 0.208847 0.404615 
-0.788675 0.211325 0.577350 
-0.890320 0.208847 0.404615 
-0.831470 0.000000 0.555570 
-0.707107 0.707107 0.000000 
-0.831470 0.555570 0.000000 
-0.788675 0.577350 0.211325 
-0.923880 0.382683 0.000000 
-0.890320 0.404615 0.208847 
-0.831470 0.555570 0.000000 
-0.816497 0.408248 0.408248 
-0.788675 0.577350 0.211325 
-0.890320 0.404615 0.208847 
-0.831470 0.555570 0.000000 
-0.890320 0.404615 0.208847 
-0.788675 0.577350 0.211325 
-1.000000 0.000000 0.000000 
-0.980785 0.000000 0.195090 
-0.980785 0.195090 0.000000 
-0.923880 0.000000 0.382683 
-0.959683 0.198757 0.198757 
-0.980785 0.000000 0.195090 
-0.923880 0.382683 0.000000 
-0.980785 0.195090 0.000000 
-0.959683 0.198757 0.198757 
-0.980785 0.000000 0.195090 
-0.959683 0.198757 0.198757 
-0.980785 0.195090 0.000000 
-0.816497 0.408248 0.408248 
-0.890320 0.404615 0.208847 
-0.890320 0.208847 0.404615 
-0.923880 0.382683 0.000000 
-0.959683 0.198757 0.198757 
-0.890320 0.404615 0.208847 
-0.923880 0.000000 0.382683 
-0.890320 0.208847 0.404615 
-0.959683 0.198757 0.198757 
-0.890320 0.404615 0.208847 
-0.959683 0.198757 0.198757 
-0.890320 0.208847 0.404615 
-0.577350 0.577350 -0.577350 
-0.633099 0.633099 -0.445390 
-0.445390 0.633099 -0.633099 
-0.673887 0.673887 -0.302905 
-0.506121 0.698343 -0.506121 
-0.633099 0.633099 -0.445390 
-0.302905 0.673887 -0.673887 
-0.445390 0.633099 -0.633099 
-0.506121 0.698343 -0.506121 
-0.633099 0.633099 -0.445390 
-0.506121 0.698343 -0.506121 
-0.445390 0.633099 -0.633099 
-0.707107 0.707107 0.000000 
-0.577350 0.788675 -0.211325 
-0.698753 0.698753 -0.153263 
-0.408248 0.816497 -0.408248 
-0.548101 0.754879 -0.360199 
-0.577350 0.788675 -0.211325 
-0.673887 0.673887 -0.302905 
-0.698753 0.698753 -0.153263 
-0.548101 0.754879 -0.360199 
-0.577350 0.788675 -0.211325 
-0.548101 0.754879 -0.360199 
-0.698753 0.698753 -0.153263 
0.000000 0.707107 -0.707107 
-0.153263 0.698753 -0.698753 
-0.211325 0.788675 -0.577350 
-0.302905 0.673887 -0.673887 
-0.360199 0.754879 -0.548101 
-0.153263 0.698753 -0.698753 
-0.408248 0.816497 -0.408248 
-0.211325 0.788675 -0.577350 
-0.360199 0.754879 -0.548101 
-0.153263 0.698753 -0.698753 
-0.360199 0.754879 -0.548101 
-0.211325 0.788675 -0.577350 
-0.673887 0.673887 -0.302905 
-0.548101 0.754879 -0.360199 
-0.506121 0.698343 -0.506121 
-0.408248 0.816497 -0.408248 
-0.360199 0.754879 -0.548101 
-0.548101 0.754879 -0.360199 
-0.302905 0.673887 -0.673887 
-0.506121 0.698343 -0.506121 
-0.360199 0.754879 -0.548101 
-0.548101 0.754879 -0.360199 
-0.360199 0.754879 -0.548101 
-0.506121 0.698343 -0.506121 
-0.577350 0.577350 0.577350 
-0.464385 0.754117 0.464385 
-0.633099 0.633099 0.445390 
-0.325058 0.888074 0.325058 
-0.510307 0.797922 0.320792 
-0.464385 0.754117 0.464385 
-0.673887 0.673887 0.302905 
-0.633099 0.633099 0.445390 
-0.510307 0.797922 0.320792 
-0.464385 0.754117 0.464385 
-0.510307 0.797922 0.320792 
-0.633099 0.633099 0.445390 
0.000000 1.000000 0.000000 
-0.195090 0.980785 0.000000 
-0.167277 0.971616 0.167277 
-0.382683 0.923880 0.000000 
-0.358851 0.918728 0.164816 
-0.195090 0.980785 0.000000 
-0.325058 0.888074 0.325058 
-0.167277 0.971616 0.167277 
-0.358851 0.918728 0.164816 
-0.195090 0.980785 0.000000 
-0.358851 0.918728 0.164816 
-0.167277 0.971616 0.167277 
-0.707107 0.707107 0.000000 
-0.698753 0.698753 0.153263 
-0.555570 0.831470 0.000000 
-0.673887 0.673887 0.302905 
-0.544816 0.823881 0.156192 
-0.698753 0.698753 0.153263 
-0.382683 0.923880 0.000000 
-0.555570 0.831470 0.000000 
-0.544816 0.823881 0.156192 
-0.698753 0.698753 0.153263 
-0.544816 0.823881 0.156192 
-0.555570 0.831470 0.000000 
-0.325058 0.888074 0.325058 
-0.358851 0.918728 0.164816 
-0.510307 0.797922 0.320792 
-0.382683 0.923880 0.000000 
-0.544816 0.823881 0.156192 
-0.358851 0.918728 0.164816 
-0.673887 0.673887 0.302905 
-0.510307 0.797922 0.320792 
-0.544816 0.823881 0.156192 
-0.358851 0.918728 0.164816 
-0.544816 0.823881 0.156192 
-0.510307 0.797922 0.320792 
0.577350 0.577350 -0.577350 
0.445390 0.633099 -0.633099 
0.464385 0.754117 -0.464385 
0.302905 0.673887 -0.673887 
0.320792 0.797922 -0.510307 
0.445390 0.633099 -0.633099 
0.325058 0.888074 -0.325058 
0.464385 0.754117 -0.464385 
0.320792 0.797922 -0.510307 
0.445390 0.633099 -0.633099 
0.320792 0.797922 -0.510307 
0.464385 0.754117 -0.464385 
0.000000 0.707107 -0.707107 
0.000000 0.831470 -0.555570 
0.153263 0.698753 -0.698753 
0.000000 0.923880 -0.382683 
0.156192 0.823881 -0.544816 
0.000000 0.831470 -0.555570 
0.302905 0.673887 -0.673887 
0.153263 0.698753 -0.698753 
0.156192 0.823881 -0.544816 
0.000000 0.831470 -0.555570 
0.156192 0.823881 -0.544816 
0.153263 0.698753 -0.698753 
0.000000 1.000000 0.000000 
0.167277 0.971616 -0.167277 
0.000000 0.980785 -0.195090 
0.325058 0.888074 -0.325058 
0.164816 0.918728 -0.358851 
0.167277 0.971616 -0.167277 
0.000000 0.923880 -0.382683 
0.000000 0.980785 -0.195090 
0.164816 0.918728 -0.358851 
0.167277 0.971616 -0.167277 
0.164816 0.918728 -0.358851 
0.000000 0.980785 -0.195090 
0.302905 0.673887 -0.673887 
0.156192 0.823881 -0.544816 
0.320792 0.797922 -0.510307 
0.000000 0.923880 -0.382683 
0.164816 0.918728 -0.358851 
0.156192 0.823881 -0.544816 
0.325058 0.888074 -0.325058 
0.320792 0.797922 -0.510307 
0.164816 0.918728 -0.358851 
0.156192 0.823881 -0.544816 
0.164816 0.918728 -0.358851 
0.320792 0.797922 -0.510307 
-0.707107 0.707107 0.000000 
-0.555570 0.831470 0.000000 
-0.577350 0.788675 -0.211325 
-0.382683 0.923880 0.000000 
-0.404615 0.890320 -0.208847 
-0.555570 0.831470 0.000000 
-0.408248 0.816497 -0.408248 
-0.577350 0.788675 -0.211325 
-0.404615 0.890320 -0.208847 
-0.555570 0.831470 0.000000 
-0.404615 0.890320 -0.208847 
-0.577350 0.788675 -0.211325 
0.000000 1.000000 0.000000 
0.000000 0.980785 -0.195090 
-0.195090 0.980785 0.000000 
0.000000 0.923880 -0.382683 
-0.198757 0.959683 -0.198757 
0.000000 0.980785 -0.195090 
-0.382683 0.923880 0.000000 
-0.195090 0.980785 0.000000 
-0.198757 0.959683 -0.198757 
0.000000 0.980785 -0.195090 
-0.198757 0.959683 -0.198757 
-0.195090 0.980785 0.000000 
0.000000 0.707107 -0.707107 
-0.211325 0.788675 -0.577350 
0.000000 0.831470 -0.555570 
-0.408248 0.816497 -0.408248 
-0.208847 0.890320 -0.404615 
-0.211325 0.788675 -0.577350 
0.000000 0.923880 -0.382683 
0.000000 0.831470 -0.555570 
-0.208847 0.890320 -0.404615 
-0.211325 0.788675 -0.577350 
-0.208847 0.890320 -0.404615 
0.000000 0.831470 -0.555570 
-0.382683 0.923880 0.000000 
-0.198757 0.959683 -0.198757 
-0.404615 0.890320 -0.208847 
0.000000 0.923880 -0.382683 
-0.208847 0.890320 -0.404615 
-0.198757 0.959683 -0.198757 
-0.408248 0.816497 -0.408248 
-0.404615 0.890320 -0.208847 
-0.208847 0.890320 -0.404615 
-0.198757 0.959683 -0.198757 
-0.208847 0.890320 -0.404615 
-0.404615 0.890320 -0.208847 
-0.577350 0.577350 0.577350 
-0.445390 0.633099 0.633099 
-0.464385 0.754117 0.464385 
-0.302905 0.673887 0.673887 
-0.320792 0.797922 0.510307 
-0.445390 0.633099 0.633099 
-0.325058 0.888074 0.325058 
-0.464385 0.754117 0.464385 
-0.320792 0.797922 0.510307 
-0.445390 0.633099 0.633099 
-0.320792 0.797922 0.510307 
-0.464385 0.754117 0.464385 
0.000000 0.707107 0.707107 
0.000000 0.831470 0.555570 
-0.153263 0.698753 0.698753 
0.000000 0.923880 0.382683 
-0.156192 0.823881 0.544816 
0.000000 0.831470 0.555570 
-0.302905 0.673887 0.673887 
-0.153263 0.698753 0.698753 
-0.156192 0.823881 0.544816 
0.000000 0.831470 0.555570 
-0.156192 0.823881 0.544816 
-0.153263 0.698753 0.698753 
0.000000 1.000000 0.000000 
-0.167277 0.971616 0.167277 
0.000000 0.980785 0.195090 
-0.325058 0.888074 0.325058 
-0.164816 0.918728 0.358851 
-0.167277 0.971616 0.167277 
0.000000 0.923880 0.382683 
0.000000 0.980785 0.195090 
-0.164816 0.918728 0.358851 
-0.167277 0.971616 0.167277 
-0.164816 0.918728 0.358851 
0.000000 0.980785 0.195090 
-0.302905 0.673887 0.673887 
-0.156192 0.823881 0.544816 
-0.320792 0.797922 0.510307 
0.000000 0.923880 0.382683 
-0.164816 0.918728 0.358851 
-0.156192 0.823881 0.544816 
-0.325058 0.888074 0.325058 
-0.320792 0.797922 0.510307 
-0.164816 0.918728 0.358851 
-0.156192 0.823881 0.544816 
-0.164816 0.918728 0.358851 
-0.320792 0.797922 0.510307 
0.577350 0.577350 0.577350 
0.633099 0.633099 0.445390 
0.445390 0.633099 0.633099 
0.673887 0.673887 0.302905 
0.506121 0.698343 0.506121 
0.633099 0.633099 0.445390 
0.302905 0.673887 0.673887 
0.445390 0.633099 0.633099 
0.506121 0.698343 0.506121 
0.633099 0.633099 0.445390 
0.506121 0.698343 0.506121 
0.445390 0.633099 0.633099 
0.707107 0.707107 0.000000 
0.577350 0.788675 0.211325 
0.698753 0.698753 0.153263 
0.408248 0.816497 0.408248 
0.548101 0.754879 0.360199 
0.577350 0.788675 0.211325 
0.673887 0.673887 0.302905 
0.698753 0.698753 0.153263 
0.548101 0.754879 0.360199 
0.577350 0.788675 0.211325 
0.548101 0.754879 0.360199 
0.698753 0.698753 0.153263 
0.000000 0.707107 0.707107 
0.153263 0.698753 0.698753 
0.211325 0.788675 0.577350 
0.302905 0.673887 0.673887 
0.360199 0.754879 0.548101 
0.153263 0.698753 0.698753 
0.408248 0.816497 0.408248 
0.211325 0.788675 0.577350 
0.360199 0.754879 0.548101 
0.153263 0.698753 0.698753 
0.360199 0.754879 0.548101 
0.211325 0.788675 0.577350 
0.673887 0.673887 0.302905 
0.548101 0.754879 0.360199 
0.506121 0.698343 0.506121 
0.408248 0.816497 0.408248 
0.360199 0.754879 0.548101 
0.548101 0.754879 0.360199 
0.302905 0.673887 0.673887 
0.506121 0.698343 0.506121 
0.360199 0.754879 0.548101 
0.548101 0.754879 0.360199 
0.360199 0.754879 0.548101 
0.506121 0.698343 0.506121 
0.577350 0.577350 -0.577350 
0.464385 0.754117 -0.464385 
0.633099 0.633099 -0.445390 
0.325058 0.888074 -0.325058 
0.510307 0.797922 -0.320792 
0.464385 0.754117 -0.464385 
0.673887 0.673887 -0.302905 
0.633099 0.633099 -0.445390 
0.510307 0.797922 -0.320792 
0.464385 0.754117 -0.464385 
0.510307 0.797922 -0.320792 
0.633099 0.633099 -0.445390 
0.000000 1.000000 0.000000 
0.195090 0.980785 0.000000 
0.167277 0.971616 -0.167277 
0.382683 0.923880 0.000000 
0.358851 0.918728 -0.164816 
0.195090 0.980785 0.000000 
0.325058 0.888074 -0.325058 
0.167277 0.971616 -0.167277 
0.358851 0.918728 -0.164816 
0.195090 0.980785 0.000000 
0.358851 0.918728 -0.164816 
0.167277 0.971616 -0.167277 
0.707107 0.707107 0.000000 
0.698753 0.698753 -0.153263 
0.555570 0.831470 0.000000 
0.673887 0.673887 -0.302905 
0.544816 0.823881 -0.156192 
0.698753 0.698753 -0.153263 
0.382683 0.923880 0.000000 
0.555570 0.831470 0.000000 
0.544816 0.823881 -0.156192 
0.698753 0.698753 -0.153263 
0.544816 0.823881 -0.156192 
0.555570 0.831470 0.000000 
0.325058 0.888074 -0.325058 
0.358851 0.918728 -0.164816 
0.510307 0.797922 -0.320792 
0.382683 0.923880 0.000000 
0.544816 0.823881 -0.156192 
0.358851 0.918728 -0.164816 
0.673887 0.673887 -0.302905 
0.510307 0.797922 -0.320792 
0.544816 0.823881 -0.156192 
0.358851 0.918728 -0.164816 
0.544816 0.823881 -0.156192 
0.510307 0.797922 -0.320792 
0.000000 0.707107 0.707107 
0.211325 0.788675 0.577350 
0.000000 0.831470 0.555570 
0.408248 0.816497 0.408248 
0.208847 0.890320 0.404615 
0.211325 0.788675 0.577350 
0.000000 0.923880 0.382683 
0.000000 0.831470 0.555570 
0.208847 0.890320 0.404615 
0.211325 0.788675 0.577350 
0.208847 0.890320 0.404615 
0.000000 0.831470 0.555570 
0.707107 0.707107 0.000000 
0.555570 0.831470 0.000000 
0.577350 0.788675 0.211325 
0.382683 0.923880 0.000000 
0.404615 0.890320 0.208847 
0.555570 0.831470 0.000000 
0.408248 0.816497 0.408248 
0.577350 0.788675 0.211325 
0.404615 0.890320 0.208847 
0.555570 0.831470 0.000000 
0.404615 0.890320 0.208847 
0.577350 0.788675 0.211325 
0.000000 1.000000 0.000000 
0.000000 0.980785 0.195090 
0.195090 0.980785 0.000000 
0.000000 0.923880 0.382683 
0.198757 0.959683 0.198757 
0.000000 0.980785 0.195090 
0.382683 0.923880 0.000000 
0.195090 0.980785 0.000000 
0.198757 0.959683 0.198757 
0.000000 0.980785 0.195090 
0.198757 0.959683 0.198757 
0.195090 0.980785 0.000000 
0.408248 0.816497 0.408248 
0.404615 0.890320 0.208847 
0.208847 0.890320 0.404615 
0.382683 0.923880 0.000000 
0.198757 0.959683 0.198757 
0.404615 0.890320 0.208847 
0.000000 0.923880 0.382683 
0.208847 0.890320 0.404615 
0.198757 0.959683 0.198757 
0.404615 0.890320 0.208847 
0.198757 0.959683 0.198757 
0.208847 0.890320 0.404615 
-0.577350 -0.577350 0.577350 
-0.633099 -0.633099 0.445390 
-0.464385 -0.754117 0.464385 
-0.673887 -0.673887 0.302905 
-0.510307 -0.797922 0.320792 
-0.633099 -0.633099 0.445390 
-0.325058 -0.888074 0.325058 
-0.464385 -0.754117 0.464385 
-0.510307 -0.797922 0.320792 
-0.633099 -0.633099 0.445390 
-0.510307 -0.797922 0.320792 
-0.464385 -0.754117 0.464385 
-0.707107 -0.707107 0.000000 
-0.555570 -0.831470 0.000000 
-0.698753 -0.698753 0.153263 
-0.382683 -0.923880 0.000000 
-0.544816 -0.823881 0.156192 
-0.555570 -0.831470 0.000000 
-0.673887 -0.673887 0.302905 
-0.698753 -0.698753 0.153263 
-0.544816 -0.823881 0.156192 
-0.555570 -0.831470 0.000000 
-0.544816 -0.823881 0.156192 
-0.698753 -0.698753 0.153263 
0.000000 -1.000000 0.000000 
-0.167277 -0.971616 0.167277 
-0.195090 -0.980785 0.000000 
-0.325058 -0.888074 0.325058 
-0.358851 -0.918728 0.164816 
-0.167277 -0.971616 0.167277 
-0.382683 -0.923880 0.000000 
-0.195090 -0.980785 0.000000 
-0.358851 -0.918728 0.164816 
-0.167277 -0.971616 0.167277 
-0.358851 -0.918728 0.164816 
-0.195090 -0.980785 0.000000 
-0.673887 -0.673887 0.302905 
-0.544816 -0.823881 0.156192 
-0.510307 -0.797922 0.320792 
-0.382683 -0.923880 0.000000 
-0.358851 -0.918728 0.164816 
-0.544816 -0.823881 0.156192 
-0.325058 -0.888074 0.325058 
-0.510307 -0.797922 0.320792 
-0.358851 -0.918728 0.164816 
-0.544816 -0.823881 0.156192 
-0.358851 -0.918728 0.164816 
-0.510307 -0.797922 0.320792 
-0.577350 -0.577350 -0.577350 
-0.445390 -0.633099 -0.633099 
-0.633099 -0.633099 -0.445390 
-0.302905 -0.673887 -0.673887 
-0.506121 -0.698343 -0.506121 
-0.445390 -0.633099 -0.633099 
-0.673887 -0.673887 -0.302905 
-0.633099 -0.633099 -0.445390 
-0.506121 -0.698343 -0.506121 
-0.445390 -0.633099 -0.633099 
-0.506121 -0.698343 -0.506121 
-0.633099 -0.633099 -0.445390 
0.000000 -0.707107 -0.707107 
-0.211325 -0.788675 -0.577350 
-0.153263 -0.698753 -0.698753 
-0.408248 -0.816497 -0.408248 
-0.360199 -0.754879 -0.548101 
-0.211325 -0.788675 -0.577350 
-0.302905 -0.673887 -0.673887 
-0.153263 -0.698753 -0.698753 
-0.360199 -0.754879 -0.548101 
-0.211325 -0.788675 -0.577350 
-0.360199 -0.754879 -0.548101 
-0.153263 -0.698753 -0.698753 
-0.707107 -0.707107 0.000000 
-0.698753 -0.698753 -0.153263 
-0.577350 -0.788675 -0.211325 
-0.673887 -0.673887 -0.302905 
-0.548101 -0.754879 -0.360199 
-0.698753 -0.698753 -0.153263 
-0.408248 -0.816497 -0.408248 
-0.577350 -0.788675 -0.211325 
-0.548101 -0.754879 -0.360199 
-0.698753 -0.698753 -0.153263 
-0.548101 -0.754879 -0.360199 
-0.577350 -0.788675 -0.211325 
-0.302905 -0.673887 -0.673887 
-0.360199 -0.754879 -0.548101 
-0.506121 -0.698343 -0.506121 
-0.408248 -0.816497 -0.408248 
-0.548101 -0.754879 -0.360199 
-0.360199 -0.754879 -0.548101 
-0.673887 -0.673887 -0.302905 
-0.506121 -0.698343 -0.506121 
-0.548101 -0.754879 -0.360199 
-0.360199 -0.754879 -0.548101 
-0.548101 -0.754879 -0.360199 
-0.506121 -0.698343 -0.506121 
0.577350 -0.577350 -0.577350 
0.464385 -0.754117 -0.464385 
0.445390 -0.633099 -0.633099 
0.325058 -0.888074 -0.325058 
0.320792 -0.797922 -0.510307 
0.464385 -0.754117 -0.464385 
0.302905 -0.673887 -0.673887 
0.445390 -0.633099 -0.633099 
0.320792 -0.797922 -0.510307 
0.464385 -0.754117 -0.464385 
0.320792 -0.797922 -0.510307 
0.445390 -0.633099 -0.633099 
0.000000 -1.000000 0.000000 
0.000000 -0.980785 -0.195090 
0.167277 -0.971616 -0.167277 
0.000000 -0.923880 -0.382683 
0.164816 -0.918728 -0.358851 
0.000000 -0.980785 -0.195090 
0.325058 -0.888074 -0.325058 
0.167277 -0.971616 -0.167277 
0.164816 -0.918728 -0.358851 
0.000000 -0.980785 -0.195090 
0.164816 -0.918728 -0.358851 
0.167277 -0.971616 -0.167277 
0.000000 -0.707107 -0.707107 
0.153263 -0.698753 -0.698753 
0.000000 -0.831470 -0.555570 
0.302905 -0.673887 -0.673887 
0.156192 -0.823881 -0.544816 
0.153263 -0.698753 -0.698753 
0.000000 -0.923880 -0.382683 
0.000000 -0.831470 -0.555570 
0.156192 -0.823881 -0.544816 
0.153263 -0.698753 -0.698753 
0.156192 -0.823881 -0.544816 
0.000000 -0.831470 -0.555570 
0.325058 -0.888074 -0.325058 
0.164816 -0.918728 -0.358851 
0.320792 -0.797922 -0.510307 
0.000000 -0.923880 -0.382683 
0.156192 -0.823881 -0.544816 
0.164816 -0.918728 -0.358851 
0.302905 -0.673887 -0.673887 
0.320792 -0.797922 -0.510307 
0.156192 -0.823881 -0.544816 
0.164816 -0.918728 -0.358851 
0.156192 -0.823881 -0.544816 
0.320792 -0.797922 -0.510307 
-0.707107 -0.707107 0.000000 
-0.577350 -0.788675 -0.211325 
-0.555570 -0.831470 0.000000 
-0.408248 -0.816497 -0.408248 
-0.404615 -0.890320 -0.208847 
-0.577350 -0.788675 -0.211325 
-0.382683 -0.923880 0.000000 
-0.555570 -0.831470 0.000000 
-0.404615 -0.890320 -0.208847 
-0.577350 -0.788675 -0.211325 
-0.404615 -0.890320 -0.208847 
-0.555570 -0.831470 0.000000 
0.000000 -0.707107 -0.707107 
0.000000 -0.831470 -0.555570 
-0.211325 -0.788675 -0.577350 
0.000000 -0.923880 -0.382683 
-0.208847 -0.890320 -0.404615 
0.000000 -0.831470 -0.555570 
-0.408248 -0.816497 -0.408248 
-0.211325 -0.788675 -0.577350 
-0.208847 -0.890320 -0.404615 
0.000000 -0.831470 -0.555570 
-0.208847 -0.890320 -0.404615 
-0.211325 -0.788675 -0.577350 
0.000000 -1.000000 0.000000 
-0.195090 -0.980785 0.000000 
0.000000 -0.980785 -0.195090 
-0.382683 -0.923880 0.000000 
-0.198757 -0.959683 -0.198757 
-0.195090 -0.980785 0.000000 
0.000000 -0.923880 -0.382683 
0.000000 -0.980785 -0.195090 
-0.198757 -0.959683 -0.198757 
-0.195090 -0.980785 0.000000 
-0.198757 -0.959683 -0.198757 
0.000000 -0.980785 -0.195090 
-0.408248 -0.816497 -0.408248 
-0.208847 -0.890320 -0.404615 
-0.404615 -0.890320 -0.208847 
0.000000 -0.923880 -0.382683 
-0.198757 -0.959683 -0.198757 
-0.208847 -0.890320 -0.404615 
-0.382683 -0.923880 0.000000 
-0.404615 -0.890320 -0.208847 
-0.198757 -0.959683 -0.198757 
-0.208847 -0.890320 -0.404615 
-0.198757 -0.959683 -0.198757 
-0.404615 -0.890320 -0.208847 
-0.577350 -0.577350 0.577350 
-0.464385 -0.754117 0.464385 
-0.445390 -0.633099 0.633099 
-0.325058 -0.888074 0.325058 
-0.320792 -0.797922 0.510307 
-0.464385 -0.754117 0.464385 
-0.302905 -0.673887 0.673887 
-0.445390 -0.633099 0.633099 
-0.320792 -0.797922 0.510307 
-0.464385 -0.754117 0.464385 
-0.320792 -0.797922 0.510307 
-0.445390 -0.633099 0.633099 
0.000000 -1.000000 0.000000 
0.000000 -0.980785 0.195090 
-0.167277 -0.971616 0.167277 
0.000000 -0.923880 0.382683 
-0.164816 -0.918728 0.358851 
0.000000 -0.980785 0.195090 
-0.325058 -0.888074 0.325058 
-0.167277 -0.971616 0.167277 
-0.164816 -0.918728 0.358851 
0.000000 -0.980785 0.195090 
-0.164816 -0.918728 0.358851 
-0.167277 -0.971616 0.167277 
0.000000 -0.707107 0.707107 
-0.153263 -0.698753 0.698753 
0.000000 -0.831470 0.555570 
-0.302905 -0.673887 0.673887 
-0.156192 -0.823881 0.544816 
-0.153263 -0.698753 0.698753 
0.000000 -0.923880 0.382683 
0.000000 -0.831470 0.555570 
-0.156192 -0.823881 0.544816 
-0.153263 -0.698753 0.698753 
-0.156192 -0.823881 0.544816 
0.000000 -0.831470 0.555570 
-0.325058 -0.888074 0.325058 
-0.164816 -0.918728 0.358851 
-0.320792 -0.797922 0.510307 
0.000000 -0.923880 0.382683 
-0.156192 -0.823881 0.544816 
-0.164816 -0.918728 0.358851 
-0.302905 -0.673887 0.673887 
-0.320792 -0.797922 0.510307 
-0.156192 -0.823881 0.544816 
-0.164816 -0.918728 0.358851 
-0.156192 -0.823881 0.544816 
-0.320792 -0.797922 0.510307 
0.577350 -0.577350 -0.577350 
0.633099 -0.633099 -0.445390 
0.464385 -0.754117 -0.464385 
0.673887 -0.673887 -0.302905 
0.510307 -0.797922 -0.320792 
0.633099 -0.633099 -0.445390 
0.325058 -0.888074 -0.325058 
0.464385 -0.754117 -0.464385 
0.510307 -0.797922 -0.320792 
0.633099 -0.633099 -0.445390 
0.510307 -0.797922 -0.320792 
0.464385 -0.754117 -0.464385 
0.707107 -0.707107 0.000000 
0.555570 -0.831470 0.000000 
0.698753 -0.698753 -0.153263 
0.382683 -0.923880 0.000000 
0.544816 -0.823881 -0.156192 
0.555570 -0.831470 0.000000 
0.673887 -0.673887 -0.302905 
0.698753 -0.698753 -0.153263 
0.544816 -0.823881 -0.156192 
0.555570 -0.831470 0.000000 
0.544816 -0.823881 -0.156192 
0.698753 -0.698753 -0.153263 
0.000000 -1.000000 0.000000 
0.167277 -0.971616 -0.167277 
0.195090 -0.980785 0.000000 
0.325058 -0.888074 -0.325058 
0.358851 -0.918728 -0.164816 
0.167277 -0.971616 -0.167277 
0.382683 -0.923880 0.000000 
0.195090 -0.980785 0.000000 
0.358851 -0.918728 -0.164816 
0.167277 -0.971616 -0.167277 
0.358851 -0.918728 -0.164816 
0.195090 -0.980785 0.000000 
0.673887 -0.673887 -0.302905 
0.544816 -0.823881 -0.156192 
0.510307 -0.797922 -0.320792 
0.382683 -0.923880 0.000000 
0.358851 -0.918728 -0.164816 
0.544816 -0.823881 -0.156192 
0.325058 -0.888074 -0.325058 
0.510307 -0.797922 -0.320792 
0.358851 -0.918728 -0.164816 
0.544816 -0.823881 -0.156192 
0.358851 -0.918728 -0.164816 
0.510307 -0.797922 -0.320792 
0.577350 -0.577350 0.577350 
0.445390 -0.633099 0.633099 
0.633099 -0.633099 0.445390 
0.302905 -0.673887 0.673887 
0.506121 -0.698343 0.506121 
0.445390 -0.633099 0.633099 
0.673887 -0.673887 0.302905 
0.633099 -0.633099 0.445390 
0.506121 -0.698343 0.506121 
0.445390 -0.633099 0.633099 
0.506121 -0.698343 0.506121 
0.633099 -0.633099 0.445390 
0.000000 -0.707107 0.707107 
0.211325 -0.788675 0.577350 
0.153263 -0.698753 0.698753 
0.408248 -0.816497 0.408248 
0.360199 -0.754879 0.548101 
0.211325 -0.788675 0.577350 
0.302905 -0.673887 0.673887 
0.153263 -0.698753 0.698753 
0.360199 -0.754879 0.548101 
0.211325 -0.788675 0.577350 
0.360199 -0.754879 0.548101 
0.153263 -0.698753 0.698753 
0.707107 -0.707107 0.000000 
0.698753 -0.698753 0.153263 
0.577350 -0.788675 0.211325 
0.673887 -0.673887 0.302905 
0.548101 -0.754879 0.360199 
0.698753 -0.698753 0.153263 
0.408248 -0.816497 0.408248 
0.577350 -0.788675 0.211325 
0.548101 -0.754879 0.360199 
0.698753 -0.698753 0.153263 
0.548101 -0.754879 0.360199 
0.577350 -0.788675 0.211325 
0.302905 -0.673887 0.673887 
0.360199 -0.754879 0.548101 
0.506121 -0.698343 0.506121 
0.408248 -0.816497 0.408248 
0.548101 -0.754879 0.360199 
0.360199 -0.754879 0.548101 
0.673887 -0.673887 0.302905 
0.506121 -0.698343 0.506121 
0.548101 -0.754879 0.360199 
0.360199 -0.754879 0.548101 
0.548101 -0.754879 0.360199 
0.506121 -0.698343 0.506121 
0.000000 -1.000000 0.000000 
0.195090 -0.980785 0.000000 
0.000000 -0.980785 0.195090 
0.382683 -0.923880 0.000000 
0.198757 -0.959683 0.198757 
0.195090 -0.980785 0.000000 
0.000000 -0.923880 0.382683 
0.000000 -0.980785 0.195090 
0.198757 -0.959683 0.198757 
0.195090 -0.980785 0.000000 
0.198757 -0.959683 0.198757 
0.000000 -0.980785 0.195090 
0.707107 -0.707107 0.000000 
0.577350 -0.788675 0.211325 
0.555570 -0.831470 0.000000 
0.408248 -0.816497 0.408248 
0.404615 -0.890320 0.208847 
0.577350 -0.788675 0.211325 
0.382683 -0.923880 0.000000 
0.555570 -0.831470 0.000000 
0.404615 -0.890320 0.208847 
0.577350 -0.788675 0.211325 
0.404615 -0.890320 0.208847 
0.555570 -0.831470 0.000000 
0.000000 -0.707107 0.707107 
0.000000 -0.831470 0.555570 
0.211325 -0.788675 0.577350 
0.000000 -0.923880 0.382683 
0.208847 -0.890320 0.404615 
0.000000 -0.831470 0.555570 
0.408248 -0.816497 0.408248 
0.211325 -0.788675 0.577350 
0.208847 -0.890320 0.404615 
0.000000 -0.831470 0.555570 
0.208847 -0.890320 0.404615 
0.211325 -0.788675 0.577350 
0.382683 -0.923880 0.000000 
0.404615 -0.890320 0.208847 
0.198757 -0.959683 0.198757 
0.408248 -0.816497 0.408248 
0.208847 -0.890320 0.404615 
0.404615 -0.890320 0.208847 
0.000000 -0.923880 0.382683 
0.198757 -0.959683 0.198757 
0.208847 -0.890320 0.404615 
0.404615 -0.890320 0.208847 
0.208847 -0.890320 0.404615 
0.198757 -0.959683 0.198757 
