1970 13.5 0.375 T
1994 14.5 0.750 T
1995 13.0 0.750 B
1998 12.5 0.375 B
1994 12.5 0.375 B
2000 12.5 0.750 B
2010 14.0 0.750 B
1998 13.5 0.375 B
1998 13.5 0.375 B
1998 13.5 0.375 B
1998 13.5 0.375 B
1998 13.5 0.375 B
1998 13.5 0.375 B
1998 13.5 0.375 B
1998 13.5 0.375 B
1998 13.5 0.375 B
1998 13.5 0.375 B
1998 13.5 0.375 B
1998 13.5 0.375 B
1998 13.5 0.375 B
1998 13.5 0.375 B
1998 13.5 0.375 B
1998 13.5 0.375 B
1998 13.5 0.375 B
1998 13.5 0.375 B
1998 13.5 0.375 B
1998 13.5 0.375 B
1998 13.5 0.375 B
1998 13.5 0.375 B
1998 13.5 0.375 B
1998 13.5 0.375 B
1998 13.5 0.375 B
1998 13.5 0.375 B
1998 13.5 0.375 B
1998 13.5 0.375 B
1998 13.5 0.375 B
1998 13.5 0.375 B
1998 13.5 0.375 B
1998 13.5 0.375 B
1998 13.5 0.375 B
1998 13.5 0.375 B
1998 13.5 0.375 B
1998 13.5 0.375 B
1998 13.5 0.375 B
1998 13.5 0.375 B
1998 13.5 0.375 B
1998 13.5 0.375 B
1998 13.5 0.375 B
1998 13.5 0.375 B
1998 13.5 0.375 B
1998 13.5 0.375 B
1998 13.5 0.375 B
1998 13.5 0.375 B
1998 13.5 0.375 B
1998 13.5 0.375 B
1998 13.5 0.375 B
1998 13.5 0.375 B
1998 13.5 0.375 B
1998 13.5 0.375 B
1998 13.5 0.375 B
1998 13.5 0.375 B
1998 13.5 0.375 B
1998 13.5 0.375 B
1998 13.5 0.375 B
1998 13.5 0.375 B
1998 13.5 0.375 B
1998 13.5 0.375 B
1998 13.5 0.375 B
1998 13.5 0.375 B
1998 13.5 0.375 B
1998 13.5 0.375 B
1998 13.5 0.375 B
1998 13.5 0.375 B
1998 13.5 0.375 B
1998 13.5 0.375 B
1998 13.5 0.375 B
1998 13.5 0.375 B
1998 13.5 0.375 B
1998 13.5 0.375 B
1998 13.5 0.375 B
1998 13.5 0.375 B
1998 13.5 0.375 B
1998 13.5 0.375 B
1998 13.5 0.375 B
1998 13.5 0.375 B
1998 13.5 0.375 B
1998 13.5 0.375 B
1998 13.5 0.375 B
1998 13.5 0.375 B
1998 13.5 0.375 B
1998 13.5 0.375 B
1998 13.5 0.375 B
1998 13.5 0.375 B
1998 13.5 0.375 B
1998 13.5 0.375 B
1998 13.5 0.375 B
1998 13.5 0.375 B
1998 13.5 0.375 B
1998 13.5 0.375 B
2000 13.5 0.375 B