192
-1.000000 0.000000 -0.707000 
-0.750000 0.250000 -0.353500 
-0.500000 0.000000 -0.707000 
-0.500000 0.500000 0.000000 
-0.250000 0.250000 -0.353500 
-0.750000 0.250000 -0.353500 
0.000000 0.000000 -0.707000 
-0.500000 0.000000 -0.707000 
-0.250000 0.250000 -0.353500 
-0.750000 0.250000 -0.353500 
-0.250000 0.250000 -0.353500 
-0.500000 0.000000 -0.707000 
0.000000 1.000000 0.707000 
0.250000 0.750000 0.353500 
-0.250000 0.750000 0.353500 
0.500000 0.500000 0.000000 
0.000000 0.500000 0.000000 
0.250000 0.750000 0.353500 
-0.500000 0.500000 0.000000 
-0.250000 0.750000 0.353500 
0.000000 0.500000 0.000000 
0.250000 0.750000 0.353500 
0.000000 0.500000 0.000000 
-0.250000 0.750000 0.353500 
1.000000 0.000000 -0.707000 
0.500000 0.000000 -0.707000 
0.750000 0.250000 -0.353500 
0.000000 0.000000 -0.707000 
0.250000 0.250000 -0.353500 
0.500000 0.000000 -0.707000 
0.500000 0.500000 0.000000 
0.750000 0.250000 -0.353500 
0.250000 0.250000 -0.353500 
0.500000 0.000000 -0.707000 
0.250000 0.250000 -0.353500 
0.750000 0.250000 -0.353500 
-0.500000 0.500000 0.000000 
0.000000 0.500000 0.000000 
-0.250000 0.250000 -0.353500 
0.500000 0.500000 0.000000 
0.250000 0.250000 -0.353500 
0.000000 0.500000 0.000000 
0.000000 0.000000 -0.707000 
-0.250000 0.250000 -0.353500 
0.250000 0.250000 -0.353500 
0.000000 0.500000 0.000000 
0.250000 0.250000 -0.353500 
-0.250000 0.250000 -0.353500 
1.000000 0.000000 -0.707000 
0.750000 0.250000 -0.353500 
0.750000 -0.250000 -0.353500 
0.500000 0.500000 0.000000 
0.500000 0.000000 0.000000 
0.750000 0.250000 -0.353500 
0.500000 -0.500000 0.000000 
0.750000 -0.250000 -0.353500 
0.500000 0.000000 0.000000 
0.750000 0.250000 -0.353500 
0.500000 0.000000 0.000000 
0.750000 -0.250000 -0.353500 
0.000000 1.000000 0.707000 
0.000000 0.500000 0.707000 
0.250000 0.750000 0.353500 
0.000000 0.000000 0.707000 
0.250000 0.250000 0.353500 
0.000000 0.500000 0.707000 
0.500000 0.500000 0.000000 
0.250000 0.750000 0.353500 
0.250000 0.250000 0.353500 
0.000000 0.500000 0.707000 
0.250000 0.250000 0.353500 
0.250000 0.750000 0.353500 
0.000000 -1.000000 0.707000 
0.250000 -0.750000 0.353500 
0.000000 -0.500000 0.707000 
0.500000 -0.500000 0.000000 
0.250000 -0.250000 0.353500 
0.250000 -0.750000 0.353500 
0.000000 0.000000 0.707000 
0.000000 -0.500000 0.707000 
0.250000 -0.250000 0.353500 
0.250000 -0.750000 0.353500 
0.250000 -0.250000 0.353500 
0.000000 -0.500000 0.707000 
0.500000 0.500000 0.000000 
0.250000 0.250000 0.353500 
0.500000 0.000000 0.000000 
0.000000 0.000000 0.707000 
0.250000 -0.250000 0.353500 
0.250000 0.250000 0.353500 
0.500000 -0.500000 0.000000 
0.500000 0.000000 0.000000 
0.250000 -0.250000 0.353500 
0.250000 0.250000 0.353500 
0.250000 -0.250000 0.353500 
0.500000 0.000000 0.000000 
-1.000000 0.000000 -0.707000 
-0.750000 -0.250000 -0.353500 
-0.750000 0.250000 -0.353500 
-0.500000 -0.500000 0.000000 
-0.500000 0.000000 0.000000 
-0.750000 -0.250000 -0.353500 
-0.500000 0.500000 0.000000 
-0.750000 0.250000 -0.353500 
-0.500000 0.000000 0.000000 
-0.750000 -0.250000 -0.353500 
-0.500000 0.000000 0.000000 
-0.750000 0.250000 -0.353500 
0.000000 -1.000000 0.707000 
0.000000 -0.500000 0.707000 
-0.250000 -0.750000 0.353500 
0.000000 0.000000 0.707000 
-0.250000 -0.250000 0.353500 
0.000000 -0.500000 0.707000 
-0.500000 -0.500000 0.000000 
-0.250000 -0.750000 0.353500 
-0.250000 -0.250000 0.353500 
0.000000 -0.500000 0.707000 
-0.250000 -0.250000 0.353500 
-0.250000 -0.750000 0.353500 
0.000000 1.000000 0.707000 
-0.250000 0.750000 0.353500 
0.000000 0.500000 0.707000 
-0.500000 0.500000 0.000000 
-0.250000 0.250000 0.353500 
-0.250000 0.750000 0.353500 
0.000000 0.000000 0.707000 
0.000000 0.500000 0.707000 
-0.250000 0.250000 0.353500 
-0.250000 0.750000 0.353500 
-0.250000 0.250000 0.353500 
0.000000 0.500000 0.707000 
-0.500000 -0.500000 0.000000 
-0.250000 -0.250000 0.353500 
-0.500000 0.000000 0.000000 
0.000000 0.000000 0.707000 
-0.250000 0.250000 0.353500 
-0.250000 -0.250000 0.353500 
-0.500000 0.500000 0.000000 
-0.500000 0.000000 0.000000 
-0.250000 0.250000 0.353500 
-0.250000 -0.250000 0.353500 
-0.250000 0.250000 0.353500 
-0.500000 0.000000 0.000000 
-1.000000 0.000000 -0.707000 
-0.500000 0.000000 -0.707000 
-0.750000 -0.250000 -0.353500 
0.000000 0.000000 -0.707000 
-0.250000 -0.250000 -0.353500 
-0.500000 0.000000 -0.707000 
-0.500000 -0.500000 0.000000 
-0.750000 -0.250000 -0.353500 
-0.250000 -0.250000 -0.353500 
-0.500000 0.000000 -0.707000 
-0.250000 -0.250000 -0.353500 
-0.750000 -0.250000 -0.353500 
1.000000 0.000000 -0.707000 
0.750000 -0.250000 -0.353500 
0.500000 0.000000 -0.707000 
0.500000 -0.500000 0.000000 
0.250000 -0.250000 -0.353500 
0.750000 -0.250000 -0.353500 
0.000000 0.000000 -0.707000 
0.500000 0.000000 -0.707000 
0.250000 -0.250000 -0.353500 
0.750000 -0.250000 -0.353500 
0.250000 -0.250000 -0.353500 
0.500000 0.000000 -0.707000 
0.000000 -1.000000 0.707000 
-0.250000 -0.750000 0.353500 
0.250000 -0.750000 0.353500 
-0.500000 -0.500000 0.000000 
0.000000 -0.500000 0.000000 
-0.250000 -0.750000 0.353500 
0.500000 -0.500000 0.000000 
0.250000 -0.750000 0.353500 
0.000000 -0.500000 0.000000 
-0.250000 -0.750000 0.353500 
0.000000 -0.500000 0.000000 
0.250000 -0.750000 0.353500 
0.000000 0.000000 -0.707000 
0.250000 -0.250000 -0.353500 
-0.250000 -0.250000 -0.353500 
0.500000 -0.500000 0.000000 
0.000000 -0.500000 0.000000 
0.250000 -0.250000 -0.353500 
-0.500000 -0.500000 0.000000 
-0.250000 -0.250000 -0.353500 
0.000000 -0.500000 0.000000 
0.250000 -0.250000 -0.353500 
0.000000 -0.500000 0.000000 
-0.250000 -0.250000 -0.353500 
