48
-1.000000 0.000000 -0.707000 
-0.500000 0.500000 0.000000 
0.000000 0.000000 -0.707000 
0.000000 1.000000 0.707000 
0.500000 0.500000 0.000000 
-0.500000 0.500000 0.000000 
1.000000 0.000000 -0.707000 
0.000000 0.000000 -0.707000 
0.500000 0.500000 0.000000 
-0.500000 0.500000 0.000000 
0.500000 0.500000 0.000000 
0.000000 0.000000 -0.707000 
1.000000 0.000000 -0.707000 
0.500000 0.500000 0.000000 
0.500000 -0.500000 0.000000 
0.000000 1.000000 0.707000 
0.000000 0.000000 0.707000 
0.500000 0.500000 0.000000 
0.000000 -1.000000 0.707000 
0.500000 -0.500000 0.000000 
0.000000 0.000000 0.707000 
0.500000 0.500000 0.000000 
0.000000 0.000000 0.707000 
0.500000 -0.500000 0.000000 
-1.000000 0.000000 -0.707000 
-0.500000 -0.500000 0.000000 
-0.500000 0.500000 0.000000 
0.000000 -1.000000 0.707000 
0.000000 0.000000 0.707000 
-0.500000 -0.500000 0.000000 
0.000000 1.000000 0.707000 
-0.500000 0.500000 0.000000 
0.000000 0.000000 0.707000 
-0.500000 -0.500000 0.000000 
0.000000 0.000000 0.707000 
-0.500000 0.500000 0.000000 
-1.000000 0.000000 -0.707000 
0.000000 0.000000 -0.707000 
-0.500000 -0.500000 0.000000 
1.000000 0.000000 -0.707000 
0.500000 -0.500000 0.000000 
0.000000 0.000000 -0.707000 
0.000000 -1.000000 0.707000 
-0.500000 -0.500000 0.000000 
0.500000 -0.500000 0.000000 
0.000000 0.000000 -0.707000 
0.500000 -0.500000 0.000000 
-0.500000 -0.500000 0.000000 
