576
-0.577350 -0.577350 0.577350 
-0.325058 -0.325058 0.888074 
-0.673887 -0.302905 0.673887 
0.000000 0.000000 1.000000 
-0.382683 0.000000 0.923880 
-0.325058 -0.325058 0.888074 
-0.707107 0.000000 0.707107 
-0.673887 -0.302905 0.673887 
-0.382683 0.000000 0.923880 
-0.325058 -0.325058 0.888074 
-0.382683 0.000000 0.923880 
-0.673887 -0.302905 0.673887 
0.577350 0.577350 0.577350 
0.302905 0.673887 0.673887 
0.325058 0.325058 0.888074 
0.000000 0.707107 0.707107 
0.000000 0.382683 0.923880 
0.302905 0.673887 0.673887 
0.000000 0.000000 1.000000 
0.325058 0.325058 0.888074 
0.000000 0.382683 0.923880 
0.302905 0.673887 0.673887 
0.000000 0.382683 0.923880 
0.325058 0.325058 0.888074 
-0.577350 0.577350 0.577350 
-0.673887 0.302905 0.673887 
-0.302905 0.673887 0.673887 
-0.707107 0.000000 0.707107 
-0.408248 0.408248 0.816497 
-0.673887 0.302905 0.673887 
0.000000 0.707107 0.707107 
-0.302905 0.673887 0.673887 
-0.408248 0.408248 0.816497 
-0.673887 0.302905 0.673887 
-0.408248 0.408248 0.816497 
-0.302905 0.673887 0.673887 
0.000000 0.000000 1.000000 
0.000000 0.382683 0.923880 
-0.382683 0.000000 0.923880 
0.000000 0.707107 0.707107 
-0.408248 0.408248 0.816497 
0.000000 0.382683 0.923880 
-0.707107 0.000000 0.707107 
-0.382683 0.000000 0.923880 
-0.408248 0.408248 0.816497 
0.000000 0.382683 0.923880 
-0.408248 0.408248 0.816497 
-0.382683 0.000000 0.923880 
-0.577350 -0.577350 0.577350 
-0.302905 -0.673887 0.673887 
-0.325058 -0.325058 0.888074 
0.000000 -0.707107 0.707107 
0.000000 -0.382683 0.923880 
-0.302905 -0.673887 0.673887 
0.000000 0.000000 1.000000 
-0.325058 -0.325058 0.888074 
0.000000 -0.382683 0.923880 
-0.302905 -0.673887 0.673887 
0.000000 -0.382683 0.923880 
-0.325058 -0.325058 0.888074 
0.577350 -0.577350 0.577350 
0.673887 -0.302905 0.673887 
0.302905 -0.673887 0.673887 
0.707107 0.000000 0.707107 
0.408248 -0.408248 0.816497 
0.673887 -0.302905 0.673887 
0.000000 -0.707107 0.707107 
0.302905 -0.673887 0.673887 
0.408248 -0.408248 0.816497 
0.673887 -0.302905 0.673887 
0.408248 -0.408248 0.816497 
0.302905 -0.673887 0.673887 
0.577350 0.577350 0.577350 
0.325058 0.325058 0.888074 
0.673887 0.302905 0.673887 
0.000000 0.000000 1.000000 
0.382683 0.000000 0.923880 
0.325058 0.325058 0.888074 
0.707107 0.000000 0.707107 
0.673887 0.302905 0.673887 
0.382683 0.000000 0.923880 
0.325058 0.325058 0.888074 
0.382683 0.000000 0.923880 
0.673887 0.302905 0.673887 
0.000000 -0.707107 0.707107 
0.408248 -0.408248 0.816497 
0.000000 -0.382683 0.923880 
0.707107 0.000000 0.707107 
0.382683 0.000000 0.923880 
0.408248 -0.408248 0.816497 
0.000000 0.000000 1.000000 
0.000000 -0.382683 0.923880 
0.382683 0.000000 0.923880 
0.408248 -0.408248 0.816497 
0.382683 0.000000 0.923880 
0.000000 -0.382683 0.923880 
0.577350 -0.577350 0.577350 
0.673887 -0.673887 0.302905 
0.888074 -0.325058 0.325058 
0.707107 -0.707107 0.000000 
0.923880 -0.382683 0.000000 
0.673887 -0.673887 0.302905 
1.000000 0.000000 0.000000 
0.888074 -0.325058 0.325058 
0.923880 -0.382683 0.000000 
0.673887 -0.673887 0.302905 
0.923880 -0.382683 0.000000 
0.888074 -0.325058 0.325058 
0.577350 -0.577350 -0.577350 
0.673887 -0.302905 -0.673887 
0.673887 -0.673887 -0.302905 
0.707107 0.000000 -0.707107 
0.816497 -0.408248 -0.408248 
0.673887 -0.302905 -0.673887 
0.707107 -0.707107 0.000000 
0.673887 -0.673887 -0.302905 
0.816497 -0.408248 -0.408248 
0.673887 -0.302905 -0.673887 
0.816497 -0.408248 -0.408248 
0.673887 -0.673887 -0.302905 
0.577350 0.577350 -0.577350 
0.888074 0.325058 -0.325058 
0.673887 0.302905 -0.673887 
1.000000 0.000000 0.000000 
0.923880 0.000000 -0.382683 
0.888074 0.325058 -0.325058 
0.707107 0.000000 -0.707107 
0.673887 0.302905 -0.673887 
0.923880 0.000000 -0.382683 
0.888074 0.325058 -0.325058 
0.923880 0.000000 -0.382683 
0.673887 0.302905 -0.673887 
0.707107 -0.707107 0.000000 
0.816497 -0.408248 -0.408248 
0.923880 -0.382683 0.000000 
0.707107 0.000000 -0.707107 
0.923880 0.000000 -0.382683 
0.816497 -0.408248 -0.408248 
1.000000 0.000000 0.000000 
0.923880 -0.382683 0.000000 
0.923880 0.000000 -0.382683 
0.816497 -0.408248 -0.408248 
0.923880 0.000000 -0.382683 
0.923880 -0.382683 0.000000 
0.577350 -0.577350 0.577350 
0.888074 -0.325058 0.325058 
0.673887 -0.302905 0.673887 
1.000000 0.000000 0.000000 
0.923880 0.000000 0.382683 
0.888074 -0.325058 0.325058 
0.707107 0.000000 0.707107 
0.673887 -0.302905 0.673887 
0.923880 0.000000 0.382683 
0.888074 -0.325058 0.325058 
0.923880 0.000000 0.382683 
0.673887 -0.302905 0.673887 
0.577350 0.577350 -0.577350 
0.673887 0.673887 -0.302905 
0.888074 0.325058 -0.325058 
0.707107 0.707107 0.000000 
0.923880 0.382683 0.000000 
0.673887 0.673887 -0.302905 
1.000000 0.000000 0.000000 
0.888074 0.325058 -0.325058 
0.923880 0.382683 0.000000 
0.673887 0.673887 -0.302905 
0.923880 0.382683 0.000000 
0.888074 0.325058 -0.325058 
0.577350 0.577350 0.577350 
0.673887 0.302905 0.673887 
0.673887 0.673887 0.302905 
0.707107 0.000000 0.707107 
0.816497 0.408248 0.408248 
0.673887 0.302905 0.673887 
0.707107 0.707107 0.000000 
0.673887 0.673887 0.302905 
0.816497 0.408248 0.408248 
0.673887 0.302905 0.673887 
0.816497 0.408248 0.408248 
0.673887 0.673887 0.302905 
1.000000 0.000000 0.000000 
0.923880 0.382683 0.000000 
0.923880 0.000000 0.382683 
0.707107 0.707107 0.000000 
0.816497 0.408248 0.408248 
0.923880 0.382683 0.000000 
0.707107 0.000000 0.707107 
0.923880 0.000000 0.382683 
0.816497 0.408248 0.408248 
0.923880 0.382683 0.000000 
0.816497 0.408248 0.408248 
0.923880 0.000000 0.382683 
-0.577350 -0.577350 -0.577350 
-0.673887 -0.302905 -0.673887 
-0.325058 -0.325058 -0.888074 
-0.707107 0.000000 -0.707107 
-0.382683 0.000000 -0.923880 
-0.673887 -0.302905 -0.673887 
0.000000 0.000000 -1.000000 
-0.325058 -0.325058 -0.888074 
-0.382683 0.000000 -0.923880 
-0.673887 -0.302905 -0.673887 
-0.382683 0.000000 -0.923880 
-0.325058 -0.325058 -0.888074 
-0.577350 0.577350 -0.577350 
-0.302905 0.673887 -0.673887 
-0.673887 0.302905 -0.673887 
0.000000 0.707107 -0.707107 
-0.408248 0.408248 -0.816497 
-0.302905 0.673887 -0.673887 
-0.707107 0.000000 -0.707107 
-0.673887 0.302905 -0.673887 
-0.408248 0.408248 -0.816497 
-0.302905 0.673887 -0.673887 
-0.408248 0.408248 -0.816497 
-0.673887 0.302905 -0.673887 
0.577350 0.577350 -0.577350 
0.325058 0.325058 -0.888074 
0.302905 0.673887 -0.673887 
0.000000 0.000000 -1.000000 
0.000000 0.382683 -0.923880 
0.325058 0.325058 -0.888074 
0.000000 0.707107 -0.707107 
0.302905 0.673887 -0.673887 
0.000000 0.382683 -0.923880 
0.325058 0.325058 -0.888074 
0.000000 0.382683 -0.923880 
0.302905 0.673887 -0.673887 
-0.707107 0.000000 -0.707107 
-0.408248 0.408248 -0.816497 
-0.382683 0.000000 -0.923880 
0.000000 0.707107 -0.707107 
0.000000 0.382683 -0.923880 
-0.408248 0.408248 -0.816497 
0.000000 0.000000 -1.000000 
-0.382683 0.000000 -0.923880 
0.000000 0.382683 -0.923880 
-0.408248 0.408248 -0.816497 
0.000000 0.382683 -0.923880 
-0.382683 0.000000 -0.923880 
-0.577350 -0.577350 -0.577350 
-0.325058 -0.325058 -0.888074 
-0.302905 -0.673887 -0.673887 
0.000000 0.000000 -1.000000 
0.000000 -0.382683 -0.923880 
-0.325058 -0.325058 -0.888074 
0.000000 -0.707107 -0.707107 
-0.302905 -0.673887 -0.673887 
0.000000 -0.382683 -0.923880 
-0.325058 -0.325058 -0.888074 
0.000000 -0.382683 -0.923880 
-0.302905 -0.673887 -0.673887 
0.577350 0.577350 -0.577350 
0.673887 0.302905 -0.673887 
0.325058 0.325058 -0.888074 
0.707107 0.000000 -0.707107 
0.382683 0.000000 -0.923880 
0.673887 0.302905 -0.673887 
0.000000 0.000000 -1.000000 
0.325058 0.325058 -0.888074 
0.382683 0.000000 -0.923880 
0.673887 0.302905 -0.673887 
0.382683 0.000000 -0.923880 
0.325058 0.325058 -0.888074 
0.577350 -0.577350 -0.577350 
0.302905 -0.673887 -0.673887 
0.673887 -0.302905 -0.673887 
0.000000 -0.707107 -0.707107 
0.408248 -0.408248 -0.816497 
0.302905 -0.673887 -0.673887 
0.707107 0.000000 -0.707107 
0.673887 -0.302905 -0.673887 
0.408248 -0.408248 -0.816497 
0.302905 -0.673887 -0.673887 
0.408248 -0.408248 -0.816497 
0.673887 -0.302905 -0.673887 
0.000000 0.000000 -1.000000 
0.382683 0.000000 -0.923880 
0.000000 -0.382683 -0.923880 
0.707107 0.000000 -0.707107 
0.408248 -0.408248 -0.816497 
0.382683 0.000000 -0.923880 
0.000000 -0.707107 -0.707107 
0.000000 -0.382683 -0.923880 
0.408248 -0.408248 -0.816497 
0.382683 0.000000 -0.923880 
0.408248 -0.408248 -0.816497 
0.000000 -0.382683 -0.923880 
-0.577350 -0.577350 -0.577350 
-0.673887 -0.673887 -0.302905 
-0.673887 -0.302905 -0.673887 
-0.707107 -0.707107 0.000000 
-0.816497 -0.408248 -0.408248 
-0.673887 -0.673887 -0.302905 
-0.707107 0.000000 -0.707107 
-0.673887 -0.302905 -0.673887 
-0.816497 -0.408248 -0.408248 
-0.673887 -0.673887 -0.302905 
-0.816497 -0.408248 -0.408248 
-0.673887 -0.302905 -0.673887 
-0.577350 -0.577350 0.577350 
-0.888074 -0.325058 0.325058 
-0.673887 -0.673887 0.302905 
-1.000000 0.000000 0.000000 
-0.923880 -0.382683 0.000000 
-0.888074 -0.325058 0.325058 
-0.707107 -0.707107 0.000000 
-0.673887 -0.673887 0.302905 
-0.923880 -0.382683 0.000000 
-0.888074 -0.325058 0.325058 
-0.923880 -0.382683 0.000000 
-0.673887 -0.673887 0.302905 
-0.577350 0.577350 -0.577350 
-0.673887 0.302905 -0.673887 
-0.888074 0.325058 -0.325058 
-0.707107 0.000000 -0.707107 
-0.923880 0.000000 -0.382683 
-0.673887 0.302905 -0.673887 
-1.000000 0.000000 0.000000 
-0.888074 0.325058 -0.325058 
-0.923880 0.000000 -0.382683 
-0.673887 0.302905 -0.673887 
-0.923880 0.000000 -0.382683 
-0.888074 0.325058 -0.325058 
-0.707107 -0.707107 0.000000 
-0.923880 -0.382683 0.000000 
-0.816497 -0.408248 -0.408248 
-1.000000 0.000000 0.000000 
-0.923880 0.000000 -0.382683 
-0.923880 -0.382683 0.000000 
-0.707107 0.000000 -0.707107 
-0.816497 -0.408248 -0.408248 
-0.923880 0.000000 -0.382683 
-0.923880 -0.382683 0.000000 
-0.923880 0.000000 -0.382683 
-0.816497 -0.408248 -0.408248 
-0.577350 -0.577350 0.577350 
-0.673887 -0.302905 0.673887 
-0.888074 -0.325058 0.325058 
-0.707107 0.000000 0.707107 
-0.923880 0.000000 0.382683 
-0.673887 -0.302905 0.673887 
-1.000000 0.000000 0.000000 
-0.888074 -0.325058 0.325058 
-0.923880 0.000000 0.382683 
-0.673887 -0.302905 0.673887 
-0.923880 0.000000 0.382683 
-0.888074 -0.325058 0.325058 
-0.577350 0.577350 0.577350 
-0.673887 0.673887 0.302905 
-0.673887 0.302905 0.673887 
-0.707107 0.707107 0.000000 
-0.816497 0.408248 0.408248 
-0.673887 0.673887 0.302905 
-0.707107 0.000000 0.707107 
-0.673887 0.302905 0.673887 
-0.816497 0.408248 0.408248 
-0.673887 0.673887 0.302905 
-0.816497 0.408248 0.408248 
-0.673887 0.302905 0.673887 
-0.577350 0.577350 -0.577350 
-0.888074 0.325058 -0.325058 
-0.673887 0.673887 -0.302905 
-1.000000 0.000000 0.000000 
-0.923880 0.382683 0.000000 
-0.888074 0.325058 -0.325058 
-0.707107 0.707107 0.000000 
-0.673887 0.673887 -0.302905 
-0.923880 0.382683 0.000000 
-0.888074 0.325058 -0.325058 
-0.923880 0.382683 0.000000 
-0.673887 0.673887 -0.302905 
-0.707107 0.000000 0.707107 
-0.816497 0.408248 0.408248 
-0.923880 0.000000 0.382683 
-0.707107 0.707107 0.000000 
-0.923880 0.382683 0.000000 
-0.816497 0.408248 0.408248 
-1.000000 0.000000 0.000000 
-0.923880 0.000000 0.382683 
-0.923880 0.382683 0.000000 
-0.816497 0.408248 0.408248 
-0.923880 0.382683 0.000000 
-0.923880 0.000000 0.382683 
-0.577350 0.577350 -0.577350 
-0.673887 0.673887 -0.302905 
-0.302905 0.673887 -0.673887 
-0.707107 0.707107 0.000000 
-0.408248 0.816497 -0.408248 
-0.673887 0.673887 -0.302905 
0.000000 0.707107 -0.707107 
-0.302905 0.673887 -0.673887 
-0.408248 0.816497 -0.408248 
-0.673887 0.673887 -0.302905 
-0.408248 0.816497 -0.408248 
-0.302905 0.673887 -0.673887 
-0.577350 0.577350 0.577350 
-0.325058 0.888074 0.325058 
-0.673887 0.673887 0.302905 
0.000000 1.000000 0.000000 
-0.382683 0.923880 0.000000 
-0.325058 0.888074 0.325058 
-0.707107 0.707107 0.000000 
-0.673887 0.673887 0.302905 
-0.382683 0.923880 0.000000 
-0.325058 0.888074 0.325058 
-0.382683 0.923880 0.000000 
-0.673887 0.673887 0.302905 
0.577350 0.577350 -0.577350 
0.302905 0.673887 -0.673887 
0.325058 0.888074 -0.325058 
0.000000 0.707107 -0.707107 
0.000000 0.923880 -0.382683 
0.302905 0.673887 -0.673887 
0.000000 1.000000 0.000000 
0.325058 0.888074 -0.325058 
0.000000 0.923880 -0.382683 
0.302905 0.673887 -0.673887 
0.000000 0.923880 -0.382683 
0.325058 0.888074 -0.325058 
-0.707107 0.707107 0.000000 
-0.382683 0.923880 0.000000 
-0.408248 0.816497 -0.408248 
0.000000 1.000000 0.000000 
0.000000 0.923880 -0.382683 
-0.382683 0.923880 0.000000 
0.000000 0.707107 -0.707107 
-0.408248 0.816497 -0.408248 
0.000000 0.923880 -0.382683 
-0.382683 0.923880 0.000000 
0.000000 0.923880 -0.382683 
-0.408248 0.816497 -0.408248 
-0.577350 0.577350 0.577350 
-0.302905 0.673887 0.673887 
-0.325058 0.888074 0.325058 
0.000000 0.707107 0.707107 
0.000000 0.923880 0.382683 
-0.302905 0.673887 0.673887 
0.000000 1.000000 0.000000 
-0.325058 0.888074 0.325058 
0.000000 0.923880 0.382683 
-0.302905 0.673887 0.673887 
0.000000 0.923880 0.382683 
-0.325058 0.888074 0.325058 
0.577350 0.577350 0.577350 
0.673887 0.673887 0.302905 
0.302905 0.673887 0.673887 
0.707107 0.707107 0.000000 
0.408248 0.816497 0.408248 
0.673887 0.673887 0.302905 
0.000000 0.707107 0.707107 
0.302905 0.673887 0.673887 
0.408248 0.816497 0.408248 
0.673887 0.673887 0.302905 
0.408248 0.816497 0.408248 
0.302905 0.673887 0.673887 
0.577350 0.577350 -0.577350 
0.325058 0.888074 -0.325058 
0.673887 0.673887 -0.302905 
0.000000 1.000000 0.000000 
0.382683 0.923880 0.000000 
0.325058 0.888074 -0.325058 
0.707107 0.707107 0.000000 
0.673887 0.673887 -0.302905 
0.382683 0.923880 0.000000 
0.325058 0.888074 -0.325058 
0.382683 0.923880 0.000000 
0.673887 0.673887 -0.302905 
0.000000 0.707107 0.707107 
0.408248 0.816497 0.408248 
0.000000 0.923880 0.382683 
0.707107 0.707107 0.000000 
0.382683 0.923880 0.000000 
0.408248 0.816497 0.408248 
0.000000 1.000000 0.000000 
0.000000 0.923880 0.382683 
0.382683 0.923880 0.000000 
0.408248 0.816497 0.408248 
0.382683 0.923880 0.000000 
0.000000 0.923880 0.382683 
-0.577350 -0.577350 0.577350 
-0.673887 -0.673887 0.302905 
-0.325058 -0.888074 0.325058 
-0.707107 -0.707107 0.000000 
-0.382683 -0.923880 0.000000 
-0.673887 -0.673887 0.302905 
0.000000 -1.000000 0.000000 
-0.325058 -0.888074 0.325058 
-0.382683 -0.923880 0.000000 
-0.673887 -0.673887 0.302905 
-0.382683 -0.923880 0.000000 
-0.325058 -0.888074 0.325058 
-0.577350 -0.577350 -0.577350 
-0.302905 -0.673887 -0.673887 
-0.673887 -0.673887 -0.302905 
0.000000 -0.707107 -0.707107 
-0.408248 -0.816497 -0.408248 
-0.302905 -0.673887 -0.673887 
-0.707107 -0.707107 0.000000 
-0.673887 -0.673887 -0.302905 
-0.408248 -0.816497 -0.408248 
-0.302905 -0.673887 -0.673887 
-0.408248 -0.816497 -0.408248 
-0.673887 -0.673887 -0.302905 
0.577350 -0.577350 -0.577350 
0.325058 -0.888074 -0.325058 
0.302905 -0.673887 -0.673887 
0.000000 -1.000000 0.000000 
0.000000 -0.923880 -0.382683 
0.325058 -0.888074 -0.325058 
0.000000 -0.707107 -0.707107 
0.302905 -0.673887 -0.673887 
0.000000 -0.923880 -0.382683 
0.325058 -0.888074 -0.325058 
0.000000 -0.923880 -0.382683 
0.302905 -0.673887 -0.673887 
-0.707107 -0.707107 0.000000 
-0.408248 -0.816497 -0.408248 
-0.382683 -0.923880 0.000000 
0.000000 -0.707107 -0.707107 
0.000000 -0.923880 -0.382683 
-0.408248 -0.816497 -0.408248 
0.000000 -1.000000 0.000000 
-0.382683 -0.923880 0.000000 
0.000000 -0.923880 -0.382683 
-0.408248 -0.816497 -0.408248 
0.000000 -0.923880 -0.382683 
-0.382683 -0.923880 0.000000 
-0.577350 -0.577350 0.577350 
-0.325058 -0.888074 0.325058 
-0.302905 -0.673887 0.673887 
0.000000 -1.000000 0.000000 
0.000000 -0.923880 0.382683 
-0.325058 -0.888074 0.325058 
0.000000 -0.707107 0.707107 
-0.302905 -0.673887 0.673887 
0.000000 -0.923880 0.382683 
-0.325058 -0.888074 0.325058 
0.000000 -0.923880 0.382683 
-0.302905 -0.673887 0.673887 
0.577350 -0.577350 -0.577350 
0.673887 -0.673887 -0.302905 
0.325058 -0.888074 -0.325058 
0.707107 -0.707107 0.000000 
0.382683 -0.923880 0.000000 
0.673887 -0.673887 -0.302905 
0.000000 -1.000000 0.000000 
0.325058 -0.888074 -0.325058 
0.382683 -0.923880 0.000000 
0.673887 -0.673887 -0.302905 
0.382683 -0.923880 0.000000 
0.325058 -0.888074 -0.325058 
0.577350 -0.577350 0.577350 
0.302905 -0.673887 0.673887 
0.673887 -0.673887 0.302905 
0.000000 -0.707107 0.707107 
0.408248 -0.816497 0.408248 
0.302905 -0.673887 0.673887 
0.707107 -0.707107 0.000000 
0.673887 -0.673887 0.302905 
0.408248 -0.816497 0.408248 
0.302905 -0.673887 0.673887 
0.408248 -0.816497 0.408248 
0.673887 -0.673887 0.302905 
0.000000 -1.000000 0.000000 
0.382683 -0.923880 0.000000 
0.000000 -0.923880 0.382683 
0.707107 -0.707107 0.000000 
0.408248 -0.816497 0.408248 
0.382683 -0.923880 0.000000 
0.000000 -0.707107 0.707107 
0.000000 -0.923880 0.382683 
0.408248 -0.816497 0.408248 
0.382683 -0.923880 0.000000 
0.408248 -0.816497 0.408248 
0.000000 -0.923880 0.382683 
