3072
-1.000000 0.000000 -0.707000 
-0.937500 0.062500 -0.618625 
-0.875000 0.000000 -0.707000 
-0.875000 0.125000 -0.530250 
-0.812500 0.062500 -0.618625 
-0.937500 0.062500 -0.618625 
-0.750000 0.000000 -0.707000 
-0.875000 0.000000 -0.707000 
-0.812500 0.062500 -0.618625 
-0.937500 0.062500 -0.618625 
-0.812500 0.062500 -0.618625 
-0.875000 0.000000 -0.707000 
-0.750000 0.250000 -0.353500 
-0.687500 0.187500 -0.441875 
-0.812500 0.187500 -0.441875 
-0.625000 0.125000 -0.530250 
-0.750000 0.125000 -0.530250 
-0.687500 0.187500 -0.441875 
-0.875000 0.125000 -0.530250 
-0.812500 0.187500 -0.441875 
-0.750000 0.125000 -0.530250 
-0.687500 0.187500 -0.441875 
-0.750000 0.125000 -0.530250 
-0.812500 0.187500 -0.441875 
-0.500000 0.000000 -0.707000 
-0.625000 0.000000 -0.707000 
-0.562500 0.062500 -0.618625 
-0.750000 0.000000 -0.707000 
-0.687500 0.062500 -0.618625 
-0.625000 0.000000 -0.707000 
-0.625000 0.125000 -0.530250 
-0.562500 0.062500 -0.618625 
-0.687500 0.062500 -0.618625 
-0.625000 0.000000 -0.707000 
-0.687500 0.062500 -0.618625 
-0.562500 0.062500 -0.618625 
-0.875000 0.125000 -0.530250 
-0.750000 0.125000 -0.530250 
-0.812500 0.062500 -0.618625 
-0.625000 0.125000 -0.530250 
-0.687500 0.062500 -0.618625 
-0.750000 0.125000 -0.530250 
-0.750000 0.000000 -0.707000 
-0.812500 0.062500 -0.618625 
-0.687500 0.062500 -0.618625 
-0.750000 0.125000 -0.530250 
-0.687500 0.062500 -0.618625 
-0.812500 0.062500 -0.618625 
-0.500000 0.500000 0.000000 
-0.437500 0.437500 -0.088375 
-0.562500 0.437500 -0.088375 
-0.375000 0.375000 -0.176750 
-0.500000 0.375000 -0.176750 
-0.437500 0.437500 -0.088375 
-0.625000 0.375000 -0.176750 
-0.562500 0.437500 -0.088375 
-0.500000 0.375000 -0.176750 
-0.437500 0.437500 -0.088375 
-0.500000 0.375000 -0.176750 
-0.562500 0.437500 -0.088375 
-0.250000 0.250000 -0.353500 
-0.375000 0.250000 -0.353500 
-0.312500 0.312500 -0.265125 
-0.500000 0.250000 -0.353500 
-0.437500 0.312500 -0.265125 
-0.375000 0.250000 -0.353500 
-0.375000 0.375000 -0.176750 
-0.312500 0.312500 -0.265125 
-0.437500 0.312500 -0.265125 
-0.375000 0.250000 -0.353500 
-0.437500 0.312500 -0.265125 
-0.312500 0.312500 -0.265125 
-0.750000 0.250000 -0.353500 
-0.687500 0.312500 -0.265125 
-0.625000 0.250000 -0.353500 
-0.625000 0.375000 -0.176750 
-0.562500 0.312500 -0.265125 
-0.687500 0.312500 -0.265125 
-0.500000 0.250000 -0.353500 
-0.625000 0.250000 -0.353500 
-0.562500 0.312500 -0.265125 
-0.687500 0.312500 -0.265125 
-0.562500 0.312500 -0.265125 
-0.625000 0.250000 -0.353500 
-0.375000 0.375000 -0.176750 
-0.437500 0.312500 -0.265125 
-0.500000 0.375000 -0.176750 
-0.500000 0.250000 -0.353500 
-0.562500 0.312500 -0.265125 
-0.437500 0.312500 -0.265125 
-0.625000 0.375000 -0.176750 
-0.500000 0.375000 -0.176750 
-0.562500 0.312500 -0.265125 
-0.437500 0.312500 -0.265125 
-0.562500 0.312500 -0.265125 
-0.500000 0.375000 -0.176750 
0.000000 0.000000 -0.707000 
-0.125000 0.000000 -0.707000 
-0.062500 0.062500 -0.618625 
-0.250000 0.000000 -0.707000 
-0.187500 0.062500 -0.618625 
-0.125000 0.000000 -0.707000 
-0.125000 0.125000 -0.530250 
-0.062500 0.062500 -0.618625 
-0.187500 0.062500 -0.618625 
-0.125000 0.000000 -0.707000 
-0.187500 0.062500 -0.618625 
-0.062500 0.062500 -0.618625 
-0.500000 0.000000 -0.707000 
-0.437500 0.062500 -0.618625 
-0.375000 0.000000 -0.707000 
-0.375000 0.125000 -0.530250 
-0.312500 0.062500 -0.618625 
-0.437500 0.062500 -0.618625 
-0.250000 0.000000 -0.707000 
-0.375000 0.000000 -0.707000 
-0.312500 0.062500 -0.618625 
-0.437500 0.062500 -0.618625 
-0.312500 0.062500 -0.618625 
-0.375000 0.000000 -0.707000 
-0.250000 0.250000 -0.353500 
-0.187500 0.187500 -0.441875 
-0.312500 0.187500 -0.441875 
-0.125000 0.125000 -0.530250 
-0.250000 0.125000 -0.530250 
-0.187500 0.187500 -0.441875 
-0.375000 0.125000 -0.530250 
-0.312500 0.187500 -0.441875 
-0.250000 0.125000 -0.530250 
-0.187500 0.187500 -0.441875 
-0.250000 0.125000 -0.530250 
-0.312500 0.187500 -0.441875 
-0.250000 0.000000 -0.707000 
-0.312500 0.062500 -0.618625 
-0.187500 0.062500 -0.618625 
-0.375000 0.125000 -0.530250 
-0.250000 0.125000 -0.530250 
-0.312500 0.062500 -0.618625 
-0.125000 0.125000 -0.530250 
-0.187500 0.062500 -0.618625 
-0.250000 0.125000 -0.530250 
-0.312500 0.062500 -0.618625 
-0.250000 0.125000 -0.530250 
-0.187500 0.062500 -0.618625 
-0.750000 0.250000 -0.353500 
-0.625000 0.250000 -0.353500 
-0.687500 0.187500 -0.441875 
-0.500000 0.250000 -0.353500 
-0.562500 0.187500 -0.441875 
-0.625000 0.250000 -0.353500 
-0.625000 0.125000 -0.530250 
-0.687500 0.187500 -0.441875 
-0.562500 0.187500 -0.441875 
-0.625000 0.250000 -0.353500 
-0.562500 0.187500 -0.441875 
-0.687500 0.187500 -0.441875 
-0.250000 0.250000 -0.353500 
-0.312500 0.187500 -0.441875 
-0.375000 0.250000 -0.353500 
-0.375000 0.125000 -0.530250 
-0.437500 0.187500 -0.441875 
-0.312500 0.187500 -0.441875 
-0.500000 0.250000 -0.353500 
-0.375000 0.250000 -0.353500 
-0.437500 0.187500 -0.441875 
-0.312500 0.187500 -0.441875 
-0.437500 0.187500 -0.441875 
-0.375000 0.250000 -0.353500 
-0.500000 0.000000 -0.707000 
-0.562500 0.062500 -0.618625 
-0.437500 0.062500 -0.618625 
-0.625000 0.125000 -0.530250 
-0.500000 0.125000 -0.530250 
-0.562500 0.062500 -0.618625 
-0.375000 0.125000 -0.530250 
-0.437500 0.062500 -0.618625 
-0.500000 0.125000 -0.530250 
-0.562500 0.062500 -0.618625 
-0.500000 0.125000 -0.530250 
-0.437500 0.062500 -0.618625 
-0.500000 0.250000 -0.353500 
-0.437500 0.187500 -0.441875 
-0.562500 0.187500 -0.441875 
-0.375000 0.125000 -0.530250 
-0.500000 0.125000 -0.530250 
-0.437500 0.187500 -0.441875 
-0.625000 0.125000 -0.530250 
-0.562500 0.187500 -0.441875 
-0.500000 0.125000 -0.530250 
-0.437500 0.187500 -0.441875 
-0.500000 0.125000 -0.530250 
-0.562500 0.187500 -0.441875 
0.000000 1.000000 0.707000 
0.062500 0.937500 0.618625 
-0.062500 0.937500 0.618625 
0.125000 0.875000 0.530250 
0.000000 0.875000 0.530250 
0.062500 0.937500 0.618625 
-0.125000 0.875000 0.530250 
-0.062500 0.937500 0.618625 
0.000000 0.875000 0.530250 
0.062500 0.937500 0.618625 
0.000000 0.875000 0.530250 
-0.062500 0.937500 0.618625 
0.250000 0.750000 0.353500 
0.125000 0.750000 0.353500 
0.187500 0.812500 0.441875 
0.000000 0.750000 0.353500 
0.062500 0.812500 0.441875 
0.125000 0.750000 0.353500 
0.125000 0.875000 0.530250 
0.187500 0.812500 0.441875 
0.062500 0.812500 0.441875 
0.125000 0.750000 0.353500 
0.062500 0.812500 0.441875 
0.187500 0.812500 0.441875 
-0.250000 0.750000 0.353500 
-0.187500 0.812500 0.441875 
-0.125000 0.750000 0.353500 
-0.125000 0.875000 0.530250 
-0.062500 0.812500 0.441875 
-0.187500 0.812500 0.441875 
0.000000 0.750000 0.353500 
-0.125000 0.750000 0.353500 
-0.062500 0.812500 0.441875 
-0.187500 0.812500 0.441875 
-0.062500 0.812500 0.441875 
-0.125000 0.750000 0.353500 
0.125000 0.875000 0.530250 
0.062500 0.812500 0.441875 
0.000000 0.875000 0.530250 
0.000000 0.750000 0.353500 
-0.062500 0.812500 0.441875 
0.062500 0.812500 0.441875 
-0.125000 0.875000 0.530250 
0.000000 0.875000 0.530250 
-0.062500 0.812500 0.441875 
0.062500 0.812500 0.441875 
-0.062500 0.812500 0.441875 
0.000000 0.875000 0.530250 
0.500000 0.500000 0.000000 
0.375000 0.500000 0.000000 
0.437500 0.562500 0.088375 
0.250000 0.500000 0.000000 
0.312500 0.562500 0.088375 
0.375000 0.500000 0.000000 
0.375000 0.625000 0.176750 
0.437500 0.562500 0.088375 
0.312500 0.562500 0.088375 
0.375000 0.500000 0.000000 
0.312500 0.562500 0.088375 
0.437500 0.562500 0.088375 
0.000000 0.500000 0.000000 
0.062500 0.562500 0.088375 
0.125000 0.500000 0.000000 
0.125000 0.625000 0.176750 
0.187500 0.562500 0.088375 
0.062500 0.562500 0.088375 
0.250000 0.500000 0.000000 
0.125000 0.500000 0.000000 
0.187500 0.562500 0.088375 
0.062500 0.562500 0.088375 
0.187500 0.562500 0.088375 
0.125000 0.500000 0.000000 
0.250000 0.750000 0.353500 
0.312500 0.687500 0.265125 
0.187500 0.687500 0.265125 
0.375000 0.625000 0.176750 
0.250000 0.625000 0.176750 
0.312500 0.687500 0.265125 
0.125000 0.625000 0.176750 
0.187500 0.687500 0.265125 
0.250000 0.625000 0.176750 
0.312500 0.687500 0.265125 
0.250000 0.625000 0.176750 
0.187500 0.687500 0.265125 
0.250000 0.500000 0.000000 
0.187500 0.562500 0.088375 
0.312500 0.562500 0.088375 
0.125000 0.625000 0.176750 
0.250000 0.625000 0.176750 
0.187500 0.562500 0.088375 
0.375000 0.625000 0.176750 
0.312500 0.562500 0.088375 
0.250000 0.625000 0.176750 
0.187500 0.562500 0.088375 
0.250000 0.625000 0.176750 
0.312500 0.562500 0.088375 
-0.500000 0.500000 0.000000 
-0.437500 0.562500 0.088375 
-0.375000 0.500000 0.000000 
-0.375000 0.625000 0.176750 
-0.312500 0.562500 0.088375 
-0.437500 0.562500 0.088375 
-0.250000 0.500000 0.000000 
-0.375000 0.500000 0.000000 
-0.312500 0.562500 0.088375 
-0.437500 0.562500 0.088375 
-0.312500 0.562500 0.088375 
-0.375000 0.500000 0.000000 
-0.250000 0.750000 0.353500 
-0.187500 0.687500 0.265125 
-0.312500 0.687500 0.265125 
-0.125000 0.625000 0.176750 
-0.250000 0.625000 0.176750 
-0.187500 0.687500 0.265125 
-0.375000 0.625000 0.176750 
-0.312500 0.687500 0.265125 
-0.250000 0.625000 0.176750 
-0.187500 0.687500 0.265125 
-0.250000 0.625000 0.176750 
-0.312500 0.687500 0.265125 
0.000000 0.500000 0.000000 
-0.125000 0.500000 0.000000 
-0.062500 0.562500 0.088375 
-0.250000 0.500000 0.000000 
-0.187500 0.562500 0.088375 
-0.125000 0.500000 0.000000 
-0.125000 0.625000 0.176750 
-0.062500 0.562500 0.088375 
-0.187500 0.562500 0.088375 
-0.125000 0.500000 0.000000 
-0.187500 0.562500 0.088375 
-0.062500 0.562500 0.088375 
-0.375000 0.625000 0.176750 
-0.250000 0.625000 0.176750 
-0.312500 0.562500 0.088375 
-0.125000 0.625000 0.176750 
-0.187500 0.562500 0.088375 
-0.250000 0.625000 0.176750 
-0.250000 0.500000 0.000000 
-0.312500 0.562500 0.088375 
-0.187500 0.562500 0.088375 
-0.250000 0.625000 0.176750 
-0.187500 0.562500 0.088375 
-0.312500 0.562500 0.088375 
0.250000 0.750000 0.353500 
0.187500 0.687500 0.265125 
0.125000 0.750000 0.353500 
0.125000 0.625000 0.176750 
0.062500 0.687500 0.265125 
0.187500 0.687500 0.265125 
0.000000 0.750000 0.353500 
0.125000 0.750000 0.353500 
0.062500 0.687500 0.265125 
0.187500 0.687500 0.265125 
0.062500 0.687500 0.265125 
0.125000 0.750000 0.353500 
0.000000 0.500000 0.000000 
-0.062500 0.562500 0.088375 
0.062500 0.562500 0.088375 
-0.125000 0.625000 0.176750 
0.000000 0.625000 0.176750 
-0.062500 0.562500 0.088375 
0.125000 0.625000 0.176750 
0.062500 0.562500 0.088375 
0.000000 0.625000 0.176750 
-0.062500 0.562500 0.088375 
0.000000 0.625000 0.176750 
0.062500 0.562500 0.088375 
-0.250000 0.750000 0.353500 
-0.125000 0.750000 0.353500 
-0.187500 0.687500 0.265125 
0.000000 0.750000 0.353500 
-0.062500 0.687500 0.265125 
-0.125000 0.750000 0.353500 
-0.125000 0.625000 0.176750 
-0.187500 0.687500 0.265125 
-0.062500 0.687500 0.265125 
-0.125000 0.750000 0.353500 
-0.062500 0.687500 0.265125 
-0.187500 0.687500 0.265125 
0.125000 0.625000 0.176750 
0.000000 0.625000 0.176750 
0.062500 0.687500 0.265125 
-0.125000 0.625000 0.176750 
-0.062500 0.687500 0.265125 
0.000000 0.625000 0.176750 
0.000000 0.750000 0.353500 
0.062500 0.687500 0.265125 
-0.062500 0.687500 0.265125 
0.000000 0.625000 0.176750 
-0.062500 0.687500 0.265125 
0.062500 0.687500 0.265125 
1.000000 0.000000 -0.707000 
0.875000 0.000000 -0.707000 
0.937500 0.062500 -0.618625 
0.750000 0.000000 -0.707000 
0.812500 0.062500 -0.618625 
0.875000 0.000000 -0.707000 
0.875000 0.125000 -0.530250 
0.937500 0.062500 -0.618625 
0.812500 0.062500 -0.618625 
0.875000 0.000000 -0.707000 
0.812500 0.062500 -0.618625 
0.937500 0.062500 -0.618625 
0.500000 0.000000 -0.707000 
0.562500 0.062500 -0.618625 
0.625000 0.000000 -0.707000 
0.625000 0.125000 -0.530250 
0.687500 0.062500 -0.618625 
0.562500 0.062500 -0.618625 
0.750000 0.000000 -0.707000 
0.625000 0.000000 -0.707000 
0.687500 0.062500 -0.618625 
0.562500 0.062500 -0.618625 
0.687500 0.062500 -0.618625 
0.625000 0.000000 -0.707000 
0.750000 0.250000 -0.353500 
0.812500 0.187500 -0.441875 
0.687500 0.187500 -0.441875 
0.875000 0.125000 -0.530250 
0.750000 0.125000 -0.530250 
0.812500 0.187500 -0.441875 
0.625000 0.125000 -0.530250 
0.687500 0.187500 -0.441875 
0.750000 0.125000 -0.530250 
0.812500 0.187500 -0.441875 
0.750000 0.125000 -0.530250 
0.687500 0.187500 -0.441875 
0.750000 0.000000 -0.707000 
0.687500 0.062500 -0.618625 
0.812500 0.062500 -0.618625 
0.625000 0.125000 -0.530250 
0.750000 0.125000 -0.530250 
0.687500 0.062500 -0.618625 
0.875000 0.125000 -0.530250 
0.812500 0.062500 -0.618625 
0.750000 0.125000 -0.530250 
0.687500 0.062500 -0.618625 
0.750000 0.125000 -0.530250 
0.812500 0.062500 -0.618625 
0.000000 0.000000 -0.707000 
0.062500 0.062500 -0.618625 
0.125000 0.000000 -0.707000 
0.125000 0.125000 -0.530250 
0.187500 0.062500 -0.618625 
0.062500 0.062500 -0.618625 
0.250000 0.000000 -0.707000 
0.125000 0.000000 -0.707000 
0.187500 0.062500 -0.618625 
0.062500 0.062500 -0.618625 
0.187500 0.062500 -0.618625 
0.125000 0.000000 -0.707000 
0.250000 0.250000 -0.353500 
0.312500 0.187500 -0.441875 
0.187500 0.187500 -0.441875 
0.375000 0.125000 -0.530250 
0.250000 0.125000 -0.530250 
0.312500 0.187500 -0.441875 
0.125000 0.125000 -0.530250 
0.187500 0.187500 -0.441875 
0.250000 0.125000 -0.530250 
0.312500 0.187500 -0.441875 
0.250000 0.125000 -0.530250 
0.187500 0.187500 -0.441875 
0.500000 0.000000 -0.707000 
0.375000 0.000000 -0.707000 
0.437500 0.062500 -0.618625 
0.250000 0.000000 -0.707000 
0.312500 0.062500 -0.618625 
0.375000 0.000000 -0.707000 
0.375000 0.125000 -0.530250 
0.437500 0.062500 -0.618625 
0.312500 0.062500 -0.618625 
0.375000 0.000000 -0.707000 
0.312500 0.062500 -0.618625 
0.437500 0.062500 -0.618625 
0.125000 0.125000 -0.530250 
0.250000 0.125000 -0.530250 
0.187500 0.062500 -0.618625 
0.375000 0.125000 -0.530250 
0.312500 0.062500 -0.618625 
0.250000 0.125000 -0.530250 
0.250000 0.000000 -0.707000 
0.187500 0.062500 -0.618625 
0.312500 0.062500 -0.618625 
0.250000 0.125000 -0.530250 
0.312500 0.062500 -0.618625 
0.187500 0.062500 -0.618625 
0.500000 0.500000 0.000000 
0.562500 0.437500 -0.088375 
0.437500 0.437500 -0.088375 
0.625000 0.375000 -0.176750 
0.500000 0.375000 -0.176750 
0.562500 0.437500 -0.088375 
0.375000 0.375000 -0.176750 
0.437500 0.437500 -0.088375 
0.500000 0.375000 -0.176750 
0.562500 0.437500 -0.088375 
0.500000 0.375000 -0.176750 
0.437500 0.437500 -0.088375 
0.750000 0.250000 -0.353500 
0.625000 0.250000 -0.353500 
0.687500 0.312500 -0.265125 
0.500000 0.250000 -0.353500 
0.562500 0.312500 -0.265125 
0.625000 0.250000 -0.353500 
0.625000 0.375000 -0.176750 
0.687500 0.312500 -0.265125 
0.562500 0.312500 -0.265125 
0.625000 0.250000 -0.353500 
0.562500 0.312500 -0.265125 
0.687500 0.312500 -0.265125 
0.250000 0.250000 -0.353500 
0.312500 0.312500 -0.265125 
0.375000 0.250000 -0.353500 
0.375000 0.375000 -0.176750 
0.437500 0.312500 -0.265125 
0.312500 0.312500 -0.265125 
0.500000 0.250000 -0.353500 
0.375000 0.250000 -0.353500 
0.437500 0.312500 -0.265125 
0.312500 0.312500 -0.265125 
0.437500 0.312500 -0.265125 
0.375000 0.250000 -0.353500 
0.625000 0.375000 -0.176750 
0.562500 0.312500 -0.265125 
0.500000 0.375000 -0.176750 
0.500000 0.250000 -0.353500 
0.437500 0.312500 -0.265125 
0.562500 0.312500 -0.265125 
0.375000 0.375000 -0.176750 
0.500000 0.375000 -0.176750 
0.437500 0.312500 -0.265125 
0.562500 0.312500 -0.265125 
0.437500 0.312500 -0.265125 
0.500000 0.375000 -0.176750 
0.500000 0.000000 -0.707000 
0.437500 0.062500 -0.618625 
0.562500 0.062500 -0.618625 
0.375000 0.125000 -0.530250 
0.500000 0.125000 -0.530250 
0.437500 0.062500 -0.618625 
0.625000 0.125000 -0.530250 
0.562500 0.062500 -0.618625 
0.500000 0.125000 -0.530250 
0.437500 0.062500 -0.618625 
0.500000 0.125000 -0.530250 
0.562500 0.062500 -0.618625 
0.250000 0.250000 -0.353500 
0.375000 0.250000 -0.353500 
0.312500 0.187500 -0.441875 
0.500000 0.250000 -0.353500 
0.437500 0.187500 -0.441875 
0.375000 0.250000 -0.353500 
0.375000 0.125000 -0.530250 
0.312500 0.187500 -0.441875 
0.437500 0.187500 -0.441875 
0.375000 0.250000 -0.353500 
0.437500 0.187500 -0.441875 
0.312500 0.187500 -0.441875 
0.750000 0.250000 -0.353500 
0.687500 0.187500 -0.441875 
0.625000 0.250000 -0.353500 
0.625000 0.125000 -0.530250 
0.562500 0.187500 -0.441875 
0.687500 0.187500 -0.441875 
0.500000 0.250000 -0.353500 
0.625000 0.250000 -0.353500 
0.562500 0.187500 -0.441875 
0.687500 0.187500 -0.441875 
0.562500 0.187500 -0.441875 
0.625000 0.250000 -0.353500 
0.375000 0.125000 -0.530250 
0.437500 0.187500 -0.441875 
0.500000 0.125000 -0.530250 
0.500000 0.250000 -0.353500 
0.562500 0.187500 -0.441875 
0.437500 0.187500 -0.441875 
0.625000 0.125000 -0.530250 
0.500000 0.125000 -0.530250 
0.562500 0.187500 -0.441875 
0.437500 0.187500 -0.441875 
0.562500 0.187500 -0.441875 
0.500000 0.125000 -0.530250 
-0.500000 0.500000 0.000000 
-0.375000 0.500000 0.000000 
-0.437500 0.437500 -0.088375 
-0.250000 0.500000 0.000000 
-0.312500 0.437500 -0.088375 
-0.375000 0.500000 0.000000 
-0.375000 0.375000 -0.176750 
-0.437500 0.437500 -0.088375 
-0.312500 0.437500 -0.088375 
-0.375000 0.500000 0.000000 
-0.312500 0.437500 -0.088375 
-0.437500 0.437500 -0.088375 
0.000000 0.500000 0.000000 
-0.062500 0.437500 -0.088375 
-0.125000 0.500000 0.000000 
-0.125000 0.375000 -0.176750 
-0.187500 0.437500 -0.088375 
-0.062500 0.437500 -0.088375 
-0.250000 0.500000 0.000000 
-0.125000 0.500000 0.000000 
-0.187500 0.437500 -0.088375 
-0.062500 0.437500 -0.088375 
-0.187500 0.437500 -0.088375 
-0.125000 0.500000 0.000000 
-0.250000 0.250000 -0.353500 
-0.312500 0.312500 -0.265125 
-0.187500 0.312500 -0.265125 
-0.375000 0.375000 -0.176750 
-0.250000 0.375000 -0.176750 
-0.312500 0.312500 -0.265125 
-0.125000 0.375000 -0.176750 
-0.187500 0.312500 -0.265125 
-0.250000 0.375000 -0.176750 
-0.312500 0.312500 -0.265125 
-0.250000 0.375000 -0.176750 
-0.187500 0.312500 -0.265125 
-0.250000 0.500000 0.000000 
-0.187500 0.437500 -0.088375 
-0.312500 0.437500 -0.088375 
-0.125000 0.375000 -0.176750 
-0.250000 0.375000 -0.176750 
-0.187500 0.437500 -0.088375 
-0.375000 0.375000 -0.176750 
-0.312500 0.437500 -0.088375 
-0.250000 0.375000 -0.176750 
-0.187500 0.437500 -0.088375 
-0.250000 0.375000 -0.176750 
-0.312500 0.437500 -0.088375 
0.500000 0.500000 0.000000 
0.437500 0.437500 -0.088375 
0.375000 0.500000 0.000000 
0.375000 0.375000 -0.176750 
0.312500 0.437500 -0.088375 
0.437500 0.437500 -0.088375 
0.250000 0.500000 0.000000 
0.375000 0.500000 0.000000 
0.312500 0.437500 -0.088375 
0.437500 0.437500 -0.088375 
0.312500 0.437500 -0.088375 
0.375000 0.500000 0.000000 
0.250000 0.250000 -0.353500 
0.187500 0.312500 -0.265125 
0.312500 0.312500 -0.265125 
0.125000 0.375000 -0.176750 
0.250000 0.375000 -0.176750 
0.187500 0.312500 -0.265125 
0.375000 0.375000 -0.176750 
0.312500 0.312500 -0.265125 
0.250000 0.375000 -0.176750 
0.187500 0.312500 -0.265125 
0.250000 0.375000 -0.176750 
0.312500 0.312500 -0.265125 
0.000000 0.500000 0.000000 
0.125000 0.500000 0.000000 
0.062500 0.437500 -0.088375 
0.250000 0.500000 0.000000 
0.187500 0.437500 -0.088375 
0.125000 0.500000 0.000000 
0.125000 0.375000 -0.176750 
0.062500 0.437500 -0.088375 
0.187500 0.437500 -0.088375 
0.125000 0.500000 0.000000 
0.187500 0.437500 -0.088375 
0.062500 0.437500 -0.088375 
0.375000 0.375000 -0.176750 
0.250000 0.375000 -0.176750 
0.312500 0.437500 -0.088375 
0.125000 0.375000 -0.176750 
0.187500 0.437500 -0.088375 
0.250000 0.375000 -0.176750 
0.250000 0.500000 0.000000 
0.312500 0.437500 -0.088375 
0.187500 0.437500 -0.088375 
0.250000 0.375000 -0.176750 
0.187500 0.437500 -0.088375 
0.312500 0.437500 -0.088375 
0.000000 0.000000 -0.707000 
-0.062500 0.062500 -0.618625 
0.062500 0.062500 -0.618625 
-0.125000 0.125000 -0.530250 
0.000000 0.125000 -0.530250 
-0.062500 0.062500 -0.618625 
0.125000 0.125000 -0.530250 
0.062500 0.062500 -0.618625 
0.000000 0.125000 -0.530250 
-0.062500 0.062500 -0.618625 
0.000000 0.125000 -0.530250 
0.062500 0.062500 -0.618625 
-0.250000 0.250000 -0.353500 
-0.125000 0.250000 -0.353500 
-0.187500 0.187500 -0.441875 
0.000000 0.250000 -0.353500 
-0.062500 0.187500 -0.441875 
-0.125000 0.250000 -0.353500 
-0.125000 0.125000 -0.530250 
-0.187500 0.187500 -0.441875 
-0.062500 0.187500 -0.441875 
-0.125000 0.250000 -0.353500 
-0.062500 0.187500 -0.441875 
-0.187500 0.187500 -0.441875 
0.250000 0.250000 -0.353500 
0.187500 0.187500 -0.441875 
0.125000 0.250000 -0.353500 
0.125000 0.125000 -0.530250 
0.062500 0.187500 -0.441875 
0.187500 0.187500 -0.441875 
0.000000 0.250000 -0.353500 
0.125000 0.250000 -0.353500 
0.062500 0.187500 -0.441875 
0.187500 0.187500 -0.441875 
0.062500 0.187500 -0.441875 
0.125000 0.250000 -0.353500 
-0.125000 0.125000 -0.530250 
-0.062500 0.187500 -0.441875 
0.000000 0.125000 -0.530250 
0.000000 0.250000 -0.353500 
0.062500 0.187500 -0.441875 
-0.062500 0.187500 -0.441875 
0.125000 0.125000 -0.530250 
0.000000 0.125000 -0.530250 
0.062500 0.187500 -0.441875 
-0.062500 0.187500 -0.441875 
0.062500 0.187500 -0.441875 
0.000000 0.125000 -0.530250 
0.000000 0.500000 0.000000 
0.062500 0.437500 -0.088375 
-0.062500 0.437500 -0.088375 
0.125000 0.375000 -0.176750 
0.000000 0.375000 -0.176750 
0.062500 0.437500 -0.088375 
-0.125000 0.375000 -0.176750 
-0.062500 0.437500 -0.088375 
0.000000 0.375000 -0.176750 
0.062500 0.437500 -0.088375 
0.000000 0.375000 -0.176750 
-0.062500 0.437500 -0.088375 
0.250000 0.250000 -0.353500 
0.125000 0.250000 -0.353500 
0.187500 0.312500 -0.265125 
0.000000 0.250000 -0.353500 
0.062500 0.312500 -0.265125 
0.125000 0.250000 -0.353500 
0.125000 0.375000 -0.176750 
0.187500 0.312500 -0.265125 
0.062500 0.312500 -0.265125 
0.125000 0.250000 -0.353500 
0.062500 0.312500 -0.265125 
0.187500 0.312500 -0.265125 
-0.250000 0.250000 -0.353500 
-0.187500 0.312500 -0.265125 
-0.125000 0.250000 -0.353500 
-0.125000 0.375000 -0.176750 
-0.062500 0.312500 -0.265125 
-0.187500 0.312500 -0.265125 
0.000000 0.250000 -0.353500 
-0.125000 0.250000 -0.353500 
-0.062500 0.312500 -0.265125 
-0.187500 0.312500 -0.265125 
-0.062500 0.312500 -0.265125 
-0.125000 0.250000 -0.353500 
0.125000 0.375000 -0.176750 
0.062500 0.312500 -0.265125 
0.000000 0.375000 -0.176750 
0.000000 0.250000 -0.353500 
-0.062500 0.312500 -0.265125 
0.062500 0.312500 -0.265125 
-0.125000 0.375000 -0.176750 
0.000000 0.375000 -0.176750 
-0.062500 0.312500 -0.265125 
0.062500 0.312500 -0.265125 
-0.062500 0.312500 -0.265125 
0.000000 0.375000 -0.176750 
1.000000 0.000000 -0.707000 
0.937500 0.062500 -0.618625 
0.937500 -0.062500 -0.618625 
0.875000 0.125000 -0.530250 
0.875000 0.000000 -0.530250 
0.937500 0.062500 -0.618625 
0.875000 -0.125000 -0.530250 
0.937500 -0.062500 -0.618625 
0.875000 0.000000 -0.530250 
0.937500 0.062500 -0.618625 
0.875000 0.000000 -0.530250 
0.937500 -0.062500 -0.618625 
0.750000 0.250000 -0.353500 
0.750000 0.125000 -0.353500 
0.812500 0.187500 -0.441875 
0.750000 0.000000 -0.353500 
0.812500 0.062500 -0.441875 
0.750000 0.125000 -0.353500 
0.875000 0.125000 -0.530250 
0.812500 0.187500 -0.441875 
0.812500 0.062500 -0.441875 
0.750000 0.125000 -0.353500 
0.812500 0.062500 -0.441875 
0.812500 0.187500 -0.441875 
0.750000 -0.250000 -0.353500 
0.812500 -0.187500 -0.441875 
0.750000 -0.125000 -0.353500 
0.875000 -0.125000 -0.530250 
0.812500 -0.062500 -0.441875 
0.812500 -0.187500 -0.441875 
0.750000 0.000000 -0.353500 
0.750000 -0.125000 -0.353500 
0.812500 -0.062500 -0.441875 
0.812500 -0.187500 -0.441875 
0.812500 -0.062500 -0.441875 
0.750000 -0.125000 -0.353500 
0.875000 0.125000 -0.530250 
0.812500 0.062500 -0.441875 
0.875000 0.000000 -0.530250 
0.750000 0.000000 -0.353500 
0.812500 -0.062500 -0.441875 
0.812500 0.062500 -0.441875 
0.875000 -0.125000 -0.530250 
0.875000 0.000000 -0.530250 
0.812500 -0.062500 -0.441875 
0.812500 0.062500 -0.441875 
0.812500 -0.062500 -0.441875 
0.875000 0.000000 -0.530250 
0.500000 0.500000 0.000000 
0.500000 0.375000 0.000000 
0.562500 0.437500 -0.088375 
0.500000 0.250000 0.000000 
0.562500 0.312500 -0.088375 
0.500000 0.375000 0.000000 
0.625000 0.375000 -0.176750 
0.562500 0.437500 -0.088375 
0.562500 0.312500 -0.088375 
0.500000 0.375000 0.000000 
0.562500 0.312500 -0.088375 
0.562500 0.437500 -0.088375 
0.500000 0.000000 0.000000 
0.562500 0.062500 -0.088375 
0.500000 0.125000 0.000000 
0.625000 0.125000 -0.176750 
0.562500 0.187500 -0.088375 
0.562500 0.062500 -0.088375 
0.500000 0.250000 0.000000 
0.500000 0.125000 0.000000 
0.562500 0.187500 -0.088375 
0.562500 0.062500 -0.088375 
0.562500 0.187500 -0.088375 
0.500000 0.125000 0.000000 
0.750000 0.250000 -0.353500 
0.687500 0.312500 -0.265125 
0.687500 0.187500 -0.265125 
0.625000 0.375000 -0.176750 
0.625000 0.250000 -0.176750 
0.687500 0.312500 -0.265125 
0.625000 0.125000 -0.176750 
0.687500 0.187500 -0.265125 
0.625000 0.250000 -0.176750 
0.687500 0.312500 -0.265125 
0.625000 0.250000 -0.176750 
0.687500 0.187500 -0.265125 
0.500000 0.250000 0.000000 
0.562500 0.187500 -0.088375 
0.562500 0.312500 -0.088375 
0.625000 0.125000 -0.176750 
0.625000 0.250000 -0.176750 
0.562500 0.187500 -0.088375 
0.625000 0.375000 -0.176750 
0.562500 0.312500 -0.088375 
0.625000 0.250000 -0.176750 
0.562500 0.187500 -0.088375 
0.625000 0.250000 -0.176750 
0.562500 0.312500 -0.088375 
0.500000 -0.500000 0.000000 
0.562500 -0.437500 -0.088375 
0.500000 -0.375000 0.000000 
0.625000 -0.375000 -0.176750 
0.562500 -0.312500 -0.088375 
0.562500 -0.437500 -0.088375 
0.500000 -0.250000 0.000000 
0.500000 -0.375000 0.000000 
0.562500 -0.312500 -0.088375 
0.562500 -0.437500 -0.088375 
0.562500 -0.312500 -0.088375 
0.500000 -0.375000 0.000000 
0.750000 -0.250000 -0.353500 
0.687500 -0.187500 -0.265125 
0.687500 -0.312500 -0.265125 
0.625000 -0.125000 -0.176750 
0.625000 -0.250000 -0.176750 
0.687500 -0.187500 -0.265125 
0.625000 -0.375000 -0.176750 
0.687500 -0.312500 -0.265125 
0.625000 -0.250000 -0.176750 
0.687500 -0.187500 -0.265125 
0.625000 -0.250000 -0.176750 
0.687500 -0.312500 -0.265125 
0.500000 0.000000 0.000000 
0.500000 -0.125000 0.000000 
0.562500 -0.062500 -0.088375 
0.500000 -0.250000 0.000000 
0.562500 -0.187500 -0.088375 
0.500000 -0.125000 0.000000 
0.625000 -0.125000 -0.176750 
0.562500 -0.062500 -0.088375 
0.562500 -0.187500 -0.088375 
0.500000 -0.125000 0.000000 
0.562500 -0.187500 -0.088375 
0.562500 -0.062500 -0.088375 
0.625000 -0.375000 -0.176750 
0.625000 -0.250000 -0.176750 
0.562500 -0.312500 -0.088375 
0.625000 -0.125000 -0.176750 
0.562500 -0.187500 -0.088375 
0.625000 -0.250000 -0.176750 
0.500000 -0.250000 0.000000 
0.562500 -0.312500 -0.088375 
0.562500 -0.187500 -0.088375 
0.625000 -0.250000 -0.176750 
0.562500 -0.187500 -0.088375 
0.562500 -0.312500 -0.088375 
0.750000 0.250000 -0.353500 
0.687500 0.187500 -0.265125 
0.750000 0.125000 -0.353500 
0.625000 0.125000 -0.176750 
0.687500 0.062500 -0.265125 
0.687500 0.187500 -0.265125 
0.750000 0.000000 -0.353500 
0.750000 0.125000 -0.353500 
0.687500 0.062500 -0.265125 
0.687500 0.187500 -0.265125 
0.687500 0.062500 -0.265125 
0.750000 0.125000 -0.353500 
0.500000 0.000000 0.000000 
0.562500 -0.062500 -0.088375 
0.562500 0.062500 -0.088375 
0.625000 -0.125000 -0.176750 
0.625000 0.000000 -0.176750 
0.562500 -0.062500 -0.088375 
0.625000 0.125000 -0.176750 
0.562500 0.062500 -0.088375 
0.625000 0.000000 -0.176750 
0.562500 -0.062500 -0.088375 
0.625000 0.000000 -0.176750 
0.562500 0.062500 -0.088375 
0.750000 -0.250000 -0.353500 
0.750000 -0.125000 -0.353500 
0.687500 -0.187500 -0.265125 
0.750000 0.000000 -0.353500 
0.687500 -0.062500 -0.265125 
0.750000 -0.125000 -0.353500 
0.625000 -0.125000 -0.176750 
0.687500 -0.187500 -0.265125 
0.687500 -0.062500 -0.265125 
0.750000 -0.125000 -0.353500 
0.687500 -0.062500 -0.265125 
0.687500 -0.187500 -0.265125 
0.625000 0.125000 -0.176750 
0.625000 0.000000 -0.176750 
0.687500 0.062500 -0.265125 
0.625000 -0.125000 -0.176750 
0.687500 -0.062500 -0.265125 
0.625000 0.000000 -0.176750 
0.750000 0.000000 -0.353500 
0.687500 0.062500 -0.265125 
0.687500 -0.062500 -0.265125 
0.625000 0.000000 -0.176750 
0.687500 -0.062500 -0.265125 
0.687500 0.062500 -0.265125 
0.000000 1.000000 0.707000 
0.000000 0.875000 0.707000 
0.062500 0.937500 0.618625 
0.000000 0.750000 0.707000 
0.062500 0.812500 0.618625 
0.000000 0.875000 0.707000 
0.125000 0.875000 0.530250 
0.062500 0.937500 0.618625 
0.062500 0.812500 0.618625 
0.000000 0.875000 0.707000 
0.062500 0.812500 0.618625 
0.062500 0.937500 0.618625 
0.000000 0.500000 0.707000 
0.062500 0.562500 0.618625 
0.000000 0.625000 0.707000 
0.125000 0.625000 0.530250 
0.062500 0.687500 0.618625 
0.062500 0.562500 0.618625 
0.000000 0.750000 0.707000 
0.000000 0.625000 0.707000 
0.062500 0.687500 0.618625 
0.062500 0.562500 0.618625 
0.062500 0.687500 0.618625 
0.000000 0.625000 0.707000 
0.250000 0.750000 0.353500 
0.187500 0.812500 0.441875 
0.187500 0.687500 0.441875 
0.125000 0.875000 0.530250 
0.125000 0.750000 0.530250 
0.187500 0.812500 0.441875 
0.125000 0.625000 0.530250 
0.187500 0.687500 0.441875 
0.125000 0.750000 0.530250 
0.187500 0.812500 0.441875 
0.125000 0.750000 0.530250 
0.187500 0.687500 0.441875 
0.000000 0.750000 0.707000 
0.062500 0.687500 0.618625 
0.062500 0.812500 0.618625 
0.125000 0.625000 0.530250 
0.125000 0.750000 0.530250 
0.062500 0.687500 0.618625 
0.125000 0.875000 0.530250 
0.062500 0.812500 0.618625 
0.125000 0.750000 0.530250 
0.062500 0.687500 0.618625 
0.125000 0.750000 0.530250 
0.062500 0.812500 0.618625 
0.000000 0.000000 0.707000 
0.062500 0.062500 0.618625 
0.000000 0.125000 0.707000 
0.125000 0.125000 0.530250 
0.062500 0.187500 0.618625 
0.062500 0.062500 0.618625 
0.000000 0.250000 0.707000 
0.000000 0.125000 0.707000 
0.062500 0.187500 0.618625 
0.062500 0.062500 0.618625 
0.062500 0.187500 0.618625 
0.000000 0.125000 0.707000 
0.250000 0.250000 0.353500 
0.187500 0.312500 0.441875 
0.187500 0.187500 0.441875 
0.125000 0.375000 0.530250 
0.125000 0.250000 0.530250 
0.187500 0.312500 0.441875 
0.125000 0.125000 0.530250 
0.187500 0.187500 0.441875 
0.125000 0.250000 0.530250 
0.187500 0.312500 0.441875 
0.125000 0.250000 0.530250 
0.187500 0.187500 0.441875 
0.000000 0.500000 0.707000 
0.000000 0.375000 0.707000 
0.062500 0.437500 0.618625 
0.000000 0.250000 0.707000 
0.062500 0.312500 0.618625 
0.000000 0.375000 0.707000 
0.125000 0.375000 0.530250 
0.062500 0.437500 0.618625 
0.062500 0.312500 0.618625 
0.000000 0.375000 0.707000 
0.062500 0.312500 0.618625 
0.062500 0.437500 0.618625 
0.125000 0.125000 0.530250 
0.125000 0.250000 0.530250 
0.062500 0.187500 0.618625 
0.125000 0.375000 0.530250 
0.062500 0.312500 0.618625 
0.125000 0.250000 0.530250 
0.000000 0.250000 0.707000 
0.062500 0.187500 0.618625 
0.062500 0.312500 0.618625 
0.125000 0.250000 0.530250 
0.062500 0.312500 0.618625 
0.062500 0.187500 0.618625 
0.500000 0.500000 0.000000 
0.437500 0.562500 0.088375 
0.437500 0.437500 0.088375 
0.375000 0.625000 0.176750 
0.375000 0.500000 0.176750 
0.437500 0.562500 0.088375 
0.375000 0.375000 0.176750 
0.437500 0.437500 0.088375 
0.375000 0.500000 0.176750 
0.437500 0.562500 0.088375 
0.375000 0.500000 0.176750 
0.437500 0.437500 0.088375 
0.250000 0.750000 0.353500 
0.250000 0.625000 0.353500 
0.312500 0.687500 0.265125 
0.250000 0.500000 0.353500 
0.312500 0.562500 0.265125 
0.250000 0.625000 0.353500 
0.375000 0.625000 0.176750 
0.312500 0.687500 0.265125 
0.312500 0.562500 0.265125 
0.250000 0.625000 0.353500 
0.312500 0.562500 0.265125 
0.312500 0.687500 0.265125 
0.250000 0.250000 0.353500 
0.312500 0.312500 0.265125 
0.250000 0.375000 0.353500 
0.375000 0.375000 0.176750 
0.312500 0.437500 0.265125 
0.312500 0.312500 0.265125 
0.250000 0.500000 0.353500 
0.250000 0.375000 0.353500 
0.312500 0.437500 0.265125 
0.312500 0.312500 0.265125 
0.312500 0.437500 0.265125 
0.250000 0.375000 0.353500 
0.375000 0.625000 0.176750 
0.312500 0.562500 0.265125 
0.375000 0.500000 0.176750 
0.250000 0.500000 0.353500 
0.312500 0.437500 0.265125 
0.312500 0.562500 0.265125 
0.375000 0.375000 0.176750 
0.375000 0.500000 0.176750 
0.312500 0.437500 0.265125 
0.312500 0.562500 0.265125 
0.312500 0.437500 0.265125 
0.375000 0.500000 0.176750 
0.000000 0.500000 0.707000 
0.062500 0.437500 0.618625 
0.062500 0.562500 0.618625 
0.125000 0.375000 0.530250 
0.125000 0.500000 0.530250 
0.062500 0.437500 0.618625 
0.125000 0.625000 0.530250 
0.062500 0.562500 0.618625 
0.125000 0.500000 0.530250 
0.062500 0.437500 0.618625 
0.125000 0.500000 0.530250 
0.062500 0.562500 0.618625 
0.250000 0.250000 0.353500 
0.250000 0.375000 0.353500 
0.187500 0.312500 0.441875 
0.250000 0.500000 0.353500 
0.187500 0.437500 0.441875 
0.250000 0.375000 0.353500 
0.125000 0.375000 0.530250 
0.187500 0.312500 0.441875 
0.187500 0.437500 0.441875 
0.250000 0.375000 0.353500 
0.187500 0.437500 0.441875 
0.187500 0.312500 0.441875 
0.250000 0.750000 0.353500 
0.187500 0.687500 0.441875 
0.250000 0.625000 0.353500 
0.125000 0.625000 0.530250 
0.187500 0.562500 0.441875 
0.187500 0.687500 0.441875 
0.250000 0.500000 0.353500 
0.250000 0.625000 0.353500 
0.187500 0.562500 0.441875 
0.187500 0.687500 0.441875 
0.187500 0.562500 0.441875 
0.250000 0.625000 0.353500 
0.125000 0.375000 0.530250 
0.187500 0.437500 0.441875 
0.125000 0.500000 0.530250 
0.250000 0.500000 0.353500 
0.187500 0.562500 0.441875 
0.187500 0.437500 0.441875 
0.125000 0.625000 0.530250 
0.125000 0.500000 0.530250 
0.187500 0.562500 0.441875 
0.187500 0.437500 0.441875 
0.187500 0.562500 0.441875 
0.125000 0.500000 0.530250 
0.000000 -1.000000 0.707000 
0.062500 -0.937500 0.618625 
0.000000 -0.875000 0.707000 
0.125000 -0.875000 0.530250 
0.062500 -0.812500 0.618625 
0.062500 -0.937500 0.618625 
0.000000 -0.750000 0.707000 
0.000000 -0.875000 0.707000 
0.062500 -0.812500 0.618625 
0.062500 -0.937500 0.618625 
0.062500 -0.812500 0.618625 
0.000000 -0.875000 0.707000 
0.250000 -0.750000 0.353500 
0.187500 -0.687500 0.441875 
0.187500 -0.812500 0.441875 
0.125000 -0.625000 0.530250 
0.125000 -0.750000 0.530250 
0.187500 -0.687500 0.441875 
0.125000 -0.875000 0.530250 
0.187500 -0.812500 0.441875 
0.125000 -0.750000 0.530250 
0.187500 -0.687500 0.441875 
0.125000 -0.750000 0.530250 
0.187500 -0.812500 0.441875 
0.000000 -0.500000 0.707000 
0.000000 -0.625000 0.707000 
0.062500 -0.562500 0.618625 
0.000000 -0.750000 0.707000 
0.062500 -0.687500 0.618625 
0.000000 -0.625000 0.707000 
0.125000 -0.625000 0.530250 
0.062500 -0.562500 0.618625 
0.062500 -0.687500 0.618625 
0.000000 -0.625000 0.707000 
0.062500 -0.687500 0.618625 
0.062500 -0.562500 0.618625 
0.125000 -0.875000 0.530250 
0.125000 -0.750000 0.530250 
0.062500 -0.812500 0.618625 
0.125000 -0.625000 0.530250 
0.062500 -0.687500 0.618625 
0.125000 -0.750000 0.530250 
0.000000 -0.750000 0.707000 
0.062500 -0.812500 0.618625 
0.062500 -0.687500 0.618625 
0.125000 -0.750000 0.530250 
0.062500 -0.687500 0.618625 
0.062500 -0.812500 0.618625 
0.500000 -0.500000 0.000000 
0.437500 -0.437500 0.088375 
0.437500 -0.562500 0.088375 
0.375000 -0.375000 0.176750 
0.375000 -0.500000 0.176750 
0.437500 -0.437500 0.088375 
0.375000 -0.625000 0.176750 
0.437500 -0.562500 0.088375 
0.375000 -0.500000 0.176750 
0.437500 -0.437500 0.088375 
0.375000 -0.500000 0.176750 
0.437500 -0.562500 0.088375 
0.250000 -0.250000 0.353500 
0.250000 -0.375000 0.353500 
0.312500 -0.312500 0.265125 
0.250000 -0.500000 0.353500 
0.312500 -0.437500 0.265125 
0.250000 -0.375000 0.353500 
0.375000 -0.375000 0.176750 
0.312500 -0.312500 0.265125 
0.312500 -0.437500 0.265125 
0.250000 -0.375000 0.353500 
0.312500 -0.437500 0.265125 
0.312500 -0.312500 0.265125 
0.250000 -0.750000 0.353500 
0.312500 -0.687500 0.265125 
0.250000 -0.625000 0.353500 
0.375000 -0.625000 0.176750 
0.312500 -0.562500 0.265125 
0.312500 -0.687500 0.265125 
0.250000 -0.500000 0.353500 
0.250000 -0.625000 0.353500 
0.312500 -0.562500 0.265125 
0.312500 -0.687500 0.265125 
0.312500 -0.562500 0.265125 
0.250000 -0.625000 0.353500 
0.375000 -0.375000 0.176750 
0.312500 -0.437500 0.265125 
0.375000 -0.500000 0.176750 
0.250000 -0.500000 0.353500 
0.312500 -0.562500 0.265125 
0.312500 -0.437500 0.265125 
0.375000 -0.625000 0.176750 
0.375000 -0.500000 0.176750 
0.312500 -0.562500 0.265125 
0.312500 -0.437500 0.265125 
0.312500 -0.562500 0.265125 
0.375000 -0.500000 0.176750 
0.000000 0.000000 0.707000 
0.000000 -0.125000 0.707000 
0.062500 -0.062500 0.618625 
0.000000 -0.250000 0.707000 
0.062500 -0.187500 0.618625 
0.000000 -0.125000 0.707000 
0.125000 -0.125000 0.530250 
0.062500 -0.062500 0.618625 
0.062500 -0.187500 0.618625 
0.000000 -0.125000 0.707000 
0.062500 -0.187500 0.618625 
0.062500 -0.062500 0.618625 
0.000000 -0.500000 0.707000 
0.062500 -0.437500 0.618625 
0.000000 -0.375000 0.707000 
0.125000 -0.375000 0.530250 
0.062500 -0.312500 0.618625 
0.062500 -0.437500 0.618625 
0.000000 -0.250000 0.707000 
0.000000 -0.375000 0.707000 
0.062500 -0.312500 0.618625 
0.062500 -0.437500 0.618625 
0.062500 -0.312500 0.618625 
0.000000 -0.375000 0.707000 
0.250000 -0.250000 0.353500 
0.187500 -0.187500 0.441875 
0.187500 -0.312500 0.441875 
0.125000 -0.125000 0.530250 
0.125000 -0.250000 0.530250 
0.187500 -0.187500 0.441875 
0.125000 -0.375000 0.530250 
0.187500 -0.312500 0.441875 
0.125000 -0.250000 0.530250 
0.187500 -0.187500 0.441875 
0.125000 -0.250000 0.530250 
0.187500 -0.312500 0.441875 
0.000000 -0.250000 0.707000 
0.062500 -0.312500 0.618625 
0.062500 -0.187500 0.618625 
0.125000 -0.375000 0.530250 
0.125000 -0.250000 0.530250 
0.062500 -0.312500 0.618625 
0.125000 -0.125000 0.530250 
0.062500 -0.187500 0.618625 
0.125000 -0.250000 0.530250 
0.062500 -0.312500 0.618625 
0.125000 -0.250000 0.530250 
0.062500 -0.187500 0.618625 
0.250000 -0.750000 0.353500 
0.250000 -0.625000 0.353500 
0.187500 -0.687500 0.441875 
0.250000 -0.500000 0.353500 
0.187500 -0.562500 0.441875 
0.250000 -0.625000 0.353500 
0.125000 -0.625000 0.530250 
0.187500 -0.687500 0.441875 
0.187500 -0.562500 0.441875 
0.250000 -0.625000 0.353500 
0.187500 -0.562500 0.441875 
0.187500 -0.687500 0.441875 
0.250000 -0.250000 0.353500 
0.187500 -0.312500 0.441875 
0.250000 -0.375000 0.353500 
0.125000 -0.375000 0.530250 
0.187500 -0.437500 0.441875 
0.187500 -0.312500 0.441875 
0.250000 -0.500000 0.353500 
0.250000 -0.375000 0.353500 
0.187500 -0.437500 0.441875 
0.187500 -0.312500 0.441875 
0.187500 -0.437500 0.441875 
0.250000 -0.375000 0.353500 
0.000000 -0.500000 0.707000 
0.062500 -0.562500 0.618625 
0.062500 -0.437500 0.618625 
0.125000 -0.625000 0.530250 
0.125000 -0.500000 0.530250 
0.062500 -0.562500 0.618625 
0.125000 -0.375000 0.530250 
0.062500 -0.437500 0.618625 
0.125000 -0.500000 0.530250 
0.062500 -0.562500 0.618625 
0.125000 -0.500000 0.530250 
0.062500 -0.437500 0.618625 
0.250000 -0.500000 0.353500 
0.187500 -0.437500 0.441875 
0.187500 -0.562500 0.441875 
0.125000 -0.375000 0.530250 
0.125000 -0.500000 0.530250 
0.187500 -0.437500 0.441875 
0.125000 -0.625000 0.530250 
0.187500 -0.562500 0.441875 
0.125000 -0.500000 0.530250 
0.187500 -0.437500 0.441875 
0.125000 -0.500000 0.530250 
0.187500 -0.562500 0.441875 
0.500000 0.500000 0.000000 
0.437500 0.437500 0.088375 
0.500000 0.375000 0.000000 
0.375000 0.375000 0.176750 
0.437500 0.312500 0.088375 
0.437500 0.437500 0.088375 
0.500000 0.250000 0.000000 
0.500000 0.375000 0.000000 
0.437500 0.312500 0.088375 
0.437500 0.437500 0.088375 
0.437500 0.312500 0.088375 
0.500000 0.375000 0.000000 
0.250000 0.250000 0.353500 
0.312500 0.187500 0.265125 
0.312500 0.312500 0.265125 
0.375000 0.125000 0.176750 
0.375000 0.250000 0.176750 
0.312500 0.187500 0.265125 
0.375000 0.375000 0.176750 
0.312500 0.312500 0.265125 
0.375000 0.250000 0.176750 
0.312500 0.187500 0.265125 
0.375000 0.250000 0.176750 
0.312500 0.312500 0.265125 
0.500000 0.000000 0.000000 
0.500000 0.125000 0.000000 
0.437500 0.062500 0.088375 
0.500000 0.250000 0.000000 
0.437500 0.187500 0.088375 
0.500000 0.125000 0.000000 
0.375000 0.125000 0.176750 
0.437500 0.062500 0.088375 
0.437500 0.187500 0.088375 
0.500000 0.125000 0.000000 
0.437500 0.187500 0.088375 
0.437500 0.062500 0.088375 
0.375000 0.375000 0.176750 
0.375000 0.250000 0.176750 
0.437500 0.312500 0.088375 
0.375000 0.125000 0.176750 
0.437500 0.187500 0.088375 
0.375000 0.250000 0.176750 
0.500000 0.250000 0.000000 
0.437500 0.312500 0.088375 
0.437500 0.187500 0.088375 
0.375000 0.250000 0.176750 
0.437500 0.187500 0.088375 
0.437500 0.312500 0.088375 
0.000000 0.000000 0.707000 
0.062500 -0.062500 0.618625 
0.062500 0.062500 0.618625 
0.125000 -0.125000 0.530250 
0.125000 0.000000 0.530250 
0.062500 -0.062500 0.618625 
0.125000 0.125000 0.530250 
0.062500 0.062500 0.618625 
0.125000 0.000000 0.530250 
0.062500 -0.062500 0.618625 
0.125000 0.000000 0.530250 
0.062500 0.062500 0.618625 
0.250000 -0.250000 0.353500 
0.250000 -0.125000 0.353500 
0.187500 -0.187500 0.441875 
0.250000 0.000000 0.353500 
0.187500 -0.062500 0.441875 
0.250000 -0.125000 0.353500 
0.125000 -0.125000 0.530250 
0.187500 -0.187500 0.441875 
0.187500 -0.062500 0.441875 
0.250000 -0.125000 0.353500 
0.187500 -0.062500 0.441875 
0.187500 -0.187500 0.441875 
0.250000 0.250000 0.353500 
0.187500 0.187500 0.441875 
0.250000 0.125000 0.353500 
0.125000 0.125000 0.530250 
0.187500 0.062500 0.441875 
0.187500 0.187500 0.441875 
0.250000 0.000000 0.353500 
0.250000 0.125000 0.353500 
0.187500 0.062500 0.441875 
0.187500 0.187500 0.441875 
0.187500 0.062500 0.441875 
0.250000 0.125000 0.353500 
0.125000 -0.125000 0.530250 
0.187500 -0.062500 0.441875 
0.125000 0.000000 0.530250 
0.250000 0.000000 0.353500 
0.187500 0.062500 0.441875 
0.187500 -0.062500 0.441875 
0.125000 0.125000 0.530250 
0.125000 0.000000 0.530250 
0.187500 0.062500 0.441875 
0.187500 -0.062500 0.441875 
0.187500 0.062500 0.441875 
0.125000 0.000000 0.530250 
0.500000 -0.500000 0.000000 
0.500000 -0.375000 0.000000 
0.437500 -0.437500 0.088375 
0.500000 -0.250000 0.000000 
0.437500 -0.312500 0.088375 
0.500000 -0.375000 0.000000 
0.375000 -0.375000 0.176750 
0.437500 -0.437500 0.088375 
0.437500 -0.312500 0.088375 
0.500000 -0.375000 0.000000 
0.437500 -0.312500 0.088375 
0.437500 -0.437500 0.088375 
0.500000 0.000000 0.000000 
0.437500 -0.062500 0.088375 
0.500000 -0.125000 0.000000 
0.375000 -0.125000 0.176750 
0.437500 -0.187500 0.088375 
0.437500 -0.062500 0.088375 
0.500000 -0.250000 0.000000 
0.500000 -0.125000 0.000000 
0.437500 -0.187500 0.088375 
0.437500 -0.062500 0.088375 
0.437500 -0.187500 0.088375 
0.500000 -0.125000 0.000000 
0.250000 -0.250000 0.353500 
0.312500 -0.312500 0.265125 
0.312500 -0.187500 0.265125 
0.375000 -0.375000 0.176750 
0.375000 -0.250000 0.176750 
0.312500 -0.312500 0.265125 
0.375000 -0.125000 0.176750 
0.312500 -0.187500 0.265125 
0.375000 -0.250000 0.176750 
0.312500 -0.312500 0.265125 
0.375000 -0.250000 0.176750 
0.312500 -0.187500 0.265125 
0.500000 -0.250000 0.000000 
0.437500 -0.187500 0.088375 
0.437500 -0.312500 0.088375 
0.375000 -0.125000 0.176750 
0.375000 -0.250000 0.176750 
0.437500 -0.187500 0.088375 
0.375000 -0.375000 0.176750 
0.437500 -0.312500 0.088375 
0.375000 -0.250000 0.176750 
0.437500 -0.187500 0.088375 
0.375000 -0.250000 0.176750 
0.437500 -0.312500 0.088375 
0.250000 0.250000 0.353500 
0.250000 0.125000 0.353500 
0.312500 0.187500 0.265125 
0.250000 0.000000 0.353500 
0.312500 0.062500 0.265125 
0.250000 0.125000 0.353500 
0.375000 0.125000 0.176750 
0.312500 0.187500 0.265125 
0.312500 0.062500 0.265125 
0.250000 0.125000 0.353500 
0.312500 0.062500 0.265125 
0.312500 0.187500 0.265125 
0.250000 -0.250000 0.353500 
0.312500 -0.187500 0.265125 
0.250000 -0.125000 0.353500 
0.375000 -0.125000 0.176750 
0.312500 -0.062500 0.265125 
0.312500 -0.187500 0.265125 
0.250000 0.000000 0.353500 
0.250000 -0.125000 0.353500 
0.312500 -0.062500 0.265125 
0.312500 -0.187500 0.265125 
0.312500 -0.062500 0.265125 
0.250000 -0.125000 0.353500 
0.500000 0.000000 0.000000 
0.437500 0.062500 0.088375 
0.437500 -0.062500 0.088375 
0.375000 0.125000 0.176750 
0.375000 0.000000 0.176750 
0.437500 0.062500 0.088375 
0.375000 -0.125000 0.176750 
0.437500 -0.062500 0.088375 
0.375000 0.000000 0.176750 
0.437500 0.062500 0.088375 
0.375000 0.000000 0.176750 
0.437500 -0.062500 0.088375 
0.250000 0.000000 0.353500 
0.312500 -0.062500 0.265125 
0.312500 0.062500 0.265125 
0.375000 -0.125000 0.176750 
0.375000 0.000000 0.176750 
0.312500 -0.062500 0.265125 
0.375000 0.125000 0.176750 
0.312500 0.062500 0.265125 
0.375000 0.000000 0.176750 
0.312500 -0.062500 0.265125 
0.375000 0.000000 0.176750 
0.312500 0.062500 0.265125 
-1.000000 0.000000 -0.707000 
-0.937500 -0.062500 -0.618625 
-0.937500 0.062500 -0.618625 
-0.875000 -0.125000 -0.530250 
-0.875000 0.000000 -0.530250 
-0.937500 -0.062500 -0.618625 
-0.875000 0.125000 -0.530250 
-0.937500 0.062500 -0.618625 
-0.875000 0.000000 -0.530250 
-0.937500 -0.062500 -0.618625 
-0.875000 0.000000 -0.530250 
-0.937500 0.062500 -0.618625 
-0.750000 -0.250000 -0.353500 
-0.750000 -0.125000 -0.353500 
-0.812500 -0.187500 -0.441875 
-0.750000 0.000000 -0.353500 
-0.812500 -0.062500 -0.441875 
-0.750000 -0.125000 -0.353500 
-0.875000 -0.125000 -0.530250 
-0.812500 -0.187500 -0.441875 
-0.812500 -0.062500 -0.441875 
-0.750000 -0.125000 -0.353500 
-0.812500 -0.062500 -0.441875 
-0.812500 -0.187500 -0.441875 
-0.750000 0.250000 -0.353500 
-0.812500 0.187500 -0.441875 
-0.750000 0.125000 -0.353500 
-0.875000 0.125000 -0.530250 
-0.812500 0.062500 -0.441875 
-0.812500 0.187500 -0.441875 
-0.750000 0.000000 -0.353500 
-0.750000 0.125000 -0.353500 
-0.812500 0.062500 -0.441875 
-0.812500 0.187500 -0.441875 
-0.812500 0.062500 -0.441875 
-0.750000 0.125000 -0.353500 
-0.875000 -0.125000 -0.530250 
-0.812500 -0.062500 -0.441875 
-0.875000 0.000000 -0.530250 
-0.750000 0.000000 -0.353500 
-0.812500 0.062500 -0.441875 
-0.812500 -0.062500 -0.441875 
-0.875000 0.125000 -0.530250 
-0.875000 0.000000 -0.530250 
-0.812500 0.062500 -0.441875 
-0.812500 -0.062500 -0.441875 
-0.812500 0.062500 -0.441875 
-0.875000 0.000000 -0.530250 
-0.500000 -0.500000 0.000000 
-0.500000 -0.375000 0.000000 
-0.562500 -0.437500 -0.088375 
-0.500000 -0.250000 0.000000 
-0.562500 -0.312500 -0.088375 
-0.500000 -0.375000 0.000000 
-0.625000 -0.375000 -0.176750 
-0.562500 -0.437500 -0.088375 
-0.562500 -0.312500 -0.088375 
-0.500000 -0.375000 0.000000 
-0.562500 -0.312500 -0.088375 
-0.562500 -0.437500 -0.088375 
-0.500000 0.000000 0.000000 
-0.562500 -0.062500 -0.088375 
-0.500000 -0.125000 0.000000 
-0.625000 -0.125000 -0.176750 
-0.562500 -0.187500 -0.088375 
-0.562500 -0.062500 -0.088375 
-0.500000 -0.250000 0.000000 
-0.500000 -0.125000 0.000000 
-0.562500 -0.187500 -0.088375 
-0.562500 -0.062500 -0.088375 
-0.562500 -0.187500 -0.088375 
-0.500000 -0.125000 0.000000 
-0.750000 -0.250000 -0.353500 
-0.687500 -0.312500 -0.265125 
-0.687500 -0.187500 -0.265125 
-0.625000 -0.375000 -0.176750 
-0.625000 -0.250000 -0.176750 
-0.687500 -0.312500 -0.265125 
-0.625000 -0.125000 -0.176750 
-0.687500 -0.187500 -0.265125 
-0.625000 -0.250000 -0.176750 
-0.687500 -0.312500 -0.265125 
-0.625000 -0.250000 -0.176750 
-0.687500 -0.187500 -0.265125 
-0.500000 -0.250000 0.000000 
-0.562500 -0.187500 -0.088375 
-0.562500 -0.312500 -0.088375 
-0.625000 -0.125000 -0.176750 
-0.625000 -0.250000 -0.176750 
-0.562500 -0.187500 -0.088375 
-0.625000 -0.375000 -0.176750 
-0.562500 -0.312500 -0.088375 
-0.625000 -0.250000 -0.176750 
-0.562500 -0.187500 -0.088375 
-0.625000 -0.250000 -0.176750 
-0.562500 -0.312500 -0.088375 
-0.500000 0.500000 0.000000 
-0.562500 0.437500 -0.088375 
-0.500000 0.375000 0.000000 
-0.625000 0.375000 -0.176750 
-0.562500 0.312500 -0.088375 
-0.562500 0.437500 -0.088375 
-0.500000 0.250000 0.000000 
-0.500000 0.375000 0.000000 
-0.562500 0.312500 -0.088375 
-0.562500 0.437500 -0.088375 
-0.562500 0.312500 -0.088375 
-0.500000 0.375000 0.000000 
-0.750000 0.250000 -0.353500 
-0.687500 0.187500 -0.265125 
-0.687500 0.312500 -0.265125 
-0.625000 0.125000 -0.176750 
-0.625000 0.250000 -0.176750 
-0.687500 0.187500 -0.265125 
-0.625000 0.375000 -0.176750 
-0.687500 0.312500 -0.265125 
-0.625000 0.250000 -0.176750 
-0.687500 0.187500 -0.265125 
-0.625000 0.250000 -0.176750 
-0.687500 0.312500 -0.265125 
-0.500000 0.000000 0.000000 
-0.500000 0.125000 0.000000 
-0.562500 0.062500 -0.088375 
-0.500000 0.250000 0.000000 
-0.562500 0.187500 -0.088375 
-0.500000 0.125000 0.000000 
-0.625000 0.125000 -0.176750 
-0.562500 0.062500 -0.088375 
-0.562500 0.187500 -0.088375 
-0.500000 0.125000 0.000000 
-0.562500 0.187500 -0.088375 
-0.562500 0.062500 -0.088375 
-0.625000 0.375000 -0.176750 
-0.625000 0.250000 -0.176750 
-0.562500 0.312500 -0.088375 
-0.625000 0.125000 -0.176750 
-0.562500 0.187500 -0.088375 
-0.625000 0.250000 -0.176750 
-0.500000 0.250000 0.000000 
-0.562500 0.312500 -0.088375 
-0.562500 0.187500 -0.088375 
-0.625000 0.250000 -0.176750 
-0.562500 0.187500 -0.088375 
-0.562500 0.312500 -0.088375 
-0.750000 -0.250000 -0.353500 
-0.687500 -0.187500 -0.265125 
-0.750000 -0.125000 -0.353500 
-0.625000 -0.125000 -0.176750 
-0.687500 -0.062500 -0.265125 
-0.687500 -0.187500 -0.265125 
-0.750000 0.000000 -0.353500 
-0.750000 -0.125000 -0.353500 
-0.687500 -0.062500 -0.265125 
-0.687500 -0.187500 -0.265125 
-0.687500 -0.062500 -0.265125 
-0.750000 -0.125000 -0.353500 
-0.500000 0.000000 0.000000 
-0.562500 0.062500 -0.088375 
-0.562500 -0.062500 -0.088375 
-0.625000 0.125000 -0.176750 
-0.625000 0.000000 -0.176750 
-0.562500 0.062500 -0.088375 
-0.625000 -0.125000 -0.176750 
-0.562500 -0.062500 -0.088375 
-0.625000 0.000000 -0.176750 
-0.562500 0.062500 -0.088375 
-0.625000 0.000000 -0.176750 
-0.562500 -0.062500 -0.088375 
-0.750000 0.250000 -0.353500 
-0.750000 0.125000 -0.353500 
-0.687500 0.187500 -0.265125 
-0.750000 0.000000 -0.353500 
-0.687500 0.062500 -0.265125 
-0.750000 0.125000 -0.353500 
-0.625000 0.125000 -0.176750 
-0.687500 0.187500 -0.265125 
-0.687500 0.062500 -0.265125 
-0.750000 0.125000 -0.353500 
-0.687500 0.062500 -0.265125 
-0.687500 0.187500 -0.265125 
-0.625000 -0.125000 -0.176750 
-0.625000 0.000000 -0.176750 
-0.687500 -0.062500 -0.265125 
-0.625000 0.125000 -0.176750 
-0.687500 0.062500 -0.265125 
-0.625000 0.000000 -0.176750 
-0.750000 0.000000 -0.353500 
-0.687500 -0.062500 -0.265125 
-0.687500 0.062500 -0.265125 
-0.625000 0.000000 -0.176750 
-0.687500 0.062500 -0.265125 
-0.687500 -0.062500 -0.265125 
0.000000 -1.000000 0.707000 
0.000000 -0.875000 0.707000 
-0.062500 -0.937500 0.618625 
0.000000 -0.750000 0.707000 
-0.062500 -0.812500 0.618625 
0.000000 -0.875000 0.707000 
-0.125000 -0.875000 0.530250 
-0.062500 -0.937500 0.618625 
-0.062500 -0.812500 0.618625 
0.000000 -0.875000 0.707000 
-0.062500 -0.812500 0.618625 
-0.062500 -0.937500 0.618625 
0.000000 -0.500000 0.707000 
-0.062500 -0.562500 0.618625 
0.000000 -0.625000 0.707000 
-0.125000 -0.625000 0.530250 
-0.062500 -0.687500 0.618625 
-0.062500 -0.562500 0.618625 
0.000000 -0.750000 0.707000 
0.000000 -0.625000 0.707000 
-0.062500 -0.687500 0.618625 
-0.062500 -0.562500 0.618625 
-0.062500 -0.687500 0.618625 
0.000000 -0.625000 0.707000 
-0.250000 -0.750000 0.353500 
-0.187500 -0.812500 0.441875 
-0.187500 -0.687500 0.441875 
-0.125000 -0.875000 0.530250 
-0.125000 -0.750000 0.530250 
-0.187500 -0.812500 0.441875 
-0.125000 -0.625000 0.530250 
-0.187500 -0.687500 0.441875 
-0.125000 -0.750000 0.530250 
-0.187500 -0.812500 0.441875 
-0.125000 -0.750000 0.530250 
-0.187500 -0.687500 0.441875 
0.000000 -0.750000 0.707000 
-0.062500 -0.687500 0.618625 
-0.062500 -0.812500 0.618625 
-0.125000 -0.625000 0.530250 
-0.125000 -0.750000 0.530250 
-0.062500 -0.687500 0.618625 
-0.125000 -0.875000 0.530250 
-0.062500 -0.812500 0.618625 
-0.125000 -0.750000 0.530250 
-0.062500 -0.687500 0.618625 
-0.125000 -0.750000 0.530250 
-0.062500 -0.812500 0.618625 
0.000000 0.000000 0.707000 
-0.062500 -0.062500 0.618625 
0.000000 -0.125000 0.707000 
-0.125000 -0.125000 0.530250 
-0.062500 -0.187500 0.618625 
-0.062500 -0.062500 0.618625 
0.000000 -0.250000 0.707000 
0.000000 -0.125000 0.707000 
-0.062500 -0.187500 0.618625 
-0.062500 -0.062500 0.618625 
-0.062500 -0.187500 0.618625 
0.000000 -0.125000 0.707000 
-0.250000 -0.250000 0.353500 
-0.187500 -0.312500 0.441875 
-0.187500 -0.187500 0.441875 
-0.125000 -0.375000 0.530250 
-0.125000 -0.250000 0.530250 
-0.187500 -0.312500 0.441875 
-0.125000 -0.125000 0.530250 
-0.187500 -0.187500 0.441875 
-0.125000 -0.250000 0.530250 
-0.187500 -0.312500 0.441875 
-0.125000 -0.250000 0.530250 
-0.187500 -0.187500 0.441875 
0.000000 -0.500000 0.707000 
0.000000 -0.375000 0.707000 
-0.062500 -0.437500 0.618625 
0.000000 -0.250000 0.707000 
-0.062500 -0.312500 0.618625 
0.000000 -0.375000 0.707000 
-0.125000 -0.375000 0.530250 
-0.062500 -0.437500 0.618625 
-0.062500 -0.312500 0.618625 
0.000000 -0.375000 0.707000 
-0.062500 -0.312500 0.618625 
-0.062500 -0.437500 0.618625 
-0.125000 -0.125000 0.530250 
-0.125000 -0.250000 0.530250 
-0.062500 -0.187500 0.618625 
-0.125000 -0.375000 0.530250 
-0.062500 -0.312500 0.618625 
-0.125000 -0.250000 0.530250 
0.000000 -0.250000 0.707000 
-0.062500 -0.187500 0.618625 
-0.062500 -0.312500 0.618625 
-0.125000 -0.250000 0.530250 
-0.062500 -0.312500 0.618625 
-0.062500 -0.187500 0.618625 
-0.500000 -0.500000 0.000000 
-0.437500 -0.562500 0.088375 
-0.437500 -0.437500 0.088375 
-0.375000 -0.625000 0.176750 
-0.375000 -0.500000 0.176750 
-0.437500 -0.562500 0.088375 
-0.375000 -0.375000 0.176750 
-0.437500 -0.437500 0.088375 
-0.375000 -0.500000 0.176750 
-0.437500 -0.562500 0.088375 
-0.375000 -0.500000 0.176750 
-0.437500 -0.437500 0.088375 
-0.250000 -0.750000 0.353500 
-0.250000 -0.625000 0.353500 
-0.312500 -0.687500 0.265125 
-0.250000 -0.500000 0.353500 
-0.312500 -0.562500 0.265125 
-0.250000 -0.625000 0.353500 
-0.375000 -0.625000 0.176750 
-0.312500 -0.687500 0.265125 
-0.312500 -0.562500 0.265125 
-0.250000 -0.625000 0.353500 
-0.312500 -0.562500 0.265125 
-0.312500 -0.687500 0.265125 
-0.250000 -0.250000 0.353500 
-0.312500 -0.312500 0.265125 
-0.250000 -0.375000 0.353500 
-0.375000 -0.375000 0.176750 
-0.312500 -0.437500 0.265125 
-0.312500 -0.312500 0.265125 
-0.250000 -0.500000 0.353500 
-0.250000 -0.375000 0.353500 
-0.312500 -0.437500 0.265125 
-0.312500 -0.312500 0.265125 
-0.312500 -0.437500 0.265125 
-0.250000 -0.375000 0.353500 
-0.375000 -0.625000 0.176750 
-0.312500 -0.562500 0.265125 
-0.375000 -0.500000 0.176750 
-0.250000 -0.500000 0.353500 
-0.312500 -0.437500 0.265125 
-0.312500 -0.562500 0.265125 
-0.375000 -0.375000 0.176750 
-0.375000 -0.500000 0.176750 
-0.312500 -0.437500 0.265125 
-0.312500 -0.562500 0.265125 
-0.312500 -0.437500 0.265125 
-0.375000 -0.500000 0.176750 
0.000000 -0.500000 0.707000 
-0.062500 -0.437500 0.618625 
-0.062500 -0.562500 0.618625 
-0.125000 -0.375000 0.530250 
-0.125000 -0.500000 0.530250 
-0.062500 -0.437500 0.618625 
-0.125000 -0.625000 0.530250 
-0.062500 -0.562500 0.618625 
-0.125000 -0.500000 0.530250 
-0.062500 -0.437500 0.618625 
-0.125000 -0.500000 0.530250 
-0.062500 -0.562500 0.618625 
-0.250000 -0.250000 0.353500 
-0.250000 -0.375000 0.353500 
-0.187500 -0.312500 0.441875 
-0.250000 -0.500000 0.353500 
-0.187500 -0.437500 0.441875 
-0.250000 -0.375000 0.353500 
-0.125000 -0.375000 0.530250 
-0.187500 -0.312500 0.441875 
-0.187500 -0.437500 0.441875 
-0.250000 -0.375000 0.353500 
-0.187500 -0.437500 0.441875 
-0.187500 -0.312500 0.441875 
-0.250000 -0.750000 0.353500 
-0.187500 -0.687500 0.441875 
-0.250000 -0.625000 0.353500 
-0.125000 -0.625000 0.530250 
-0.187500 -0.562500 0.441875 
-0.187500 -0.687500 0.441875 
-0.250000 -0.500000 0.353500 
-0.250000 -0.625000 0.353500 
-0.187500 -0.562500 0.441875 
-0.187500 -0.687500 0.441875 
-0.187500 -0.562500 0.441875 
-0.250000 -0.625000 0.353500 
-0.125000 -0.375000 0.530250 
-0.187500 -0.437500 0.441875 
-0.125000 -0.500000 0.530250 
-0.250000 -0.500000 0.353500 
-0.187500 -0.562500 0.441875 
-0.187500 -0.437500 0.441875 
-0.125000 -0.625000 0.530250 
-0.125000 -0.500000 0.530250 
-0.187500 -0.562500 0.441875 
-0.187500 -0.437500 0.441875 
-0.187500 -0.562500 0.441875 
-0.125000 -0.500000 0.530250 
0.000000 1.000000 0.707000 
-0.062500 0.937500 0.618625 
0.000000 0.875000 0.707000 
-0.125000 0.875000 0.530250 
-0.062500 0.812500 0.618625 
-0.062500 0.937500 0.618625 
0.000000 0.750000 0.707000 
0.000000 0.875000 0.707000 
-0.062500 0.812500 0.618625 
-0.062500 0.937500 0.618625 
-0.062500 0.812500 0.618625 
0.000000 0.875000 0.707000 
-0.250000 0.750000 0.353500 
-0.187500 0.687500 0.441875 
-0.187500 0.812500 0.441875 
-0.125000 0.625000 0.530250 
-0.125000 0.750000 0.530250 
-0.187500 0.687500 0.441875 
-0.125000 0.875000 0.530250 
-0.187500 0.812500 0.441875 
-0.125000 0.750000 0.530250 
-0.187500 0.687500 0.441875 
-0.125000 0.750000 0.530250 
-0.187500 0.812500 0.441875 
0.000000 0.500000 0.707000 
0.000000 0.625000 0.707000 
-0.062500 0.562500 0.618625 
0.000000 0.750000 0.707000 
-0.062500 0.687500 0.618625 
0.000000 0.625000 0.707000 
-0.125000 0.625000 0.530250 
-0.062500 0.562500 0.618625 
-0.062500 0.687500 0.618625 
0.000000 0.625000 0.707000 
-0.062500 0.687500 0.618625 
-0.062500 0.562500 0.618625 
-0.125000 0.875000 0.530250 
-0.125000 0.750000 0.530250 
-0.062500 0.812500 0.618625 
-0.125000 0.625000 0.530250 
-0.062500 0.687500 0.618625 
-0.125000 0.750000 0.530250 
0.000000 0.750000 0.707000 
-0.062500 0.812500 0.618625 
-0.062500 0.687500 0.618625 
-0.125000 0.750000 0.530250 
-0.062500 0.687500 0.618625 
-0.062500 0.812500 0.618625 
-0.500000 0.500000 0.000000 
-0.437500 0.437500 0.088375 
-0.437500 0.562500 0.088375 
-0.375000 0.375000 0.176750 
-0.375000 0.500000 0.176750 
-0.437500 0.437500 0.088375 
-0.375000 0.625000 0.176750 
-0.437500 0.562500 0.088375 
-0.375000 0.500000 0.176750 
-0.437500 0.437500 0.088375 
-0.375000 0.500000 0.176750 
-0.437500 0.562500 0.088375 
-0.250000 0.250000 0.353500 
-0.250000 0.375000 0.353500 
-0.312500 0.312500 0.265125 
-0.250000 0.500000 0.353500 
-0.312500 0.437500 0.265125 
-0.250000 0.375000 0.353500 
-0.375000 0.375000 0.176750 
-0.312500 0.312500 0.265125 
-0.312500 0.437500 0.265125 
-0.250000 0.375000 0.353500 
-0.312500 0.437500 0.265125 
-0.312500 0.312500 0.265125 
-0.250000 0.750000 0.353500 
-0.312500 0.687500 0.265125 
-0.250000 0.625000 0.353500 
-0.375000 0.625000 0.176750 
-0.312500 0.562500 0.265125 
-0.312500 0.687500 0.265125 
-0.250000 0.500000 0.353500 
-0.250000 0.625000 0.353500 
-0.312500 0.562500 0.265125 
-0.312500 0.687500 0.265125 
-0.312500 0.562500 0.265125 
-0.250000 0.625000 0.353500 
-0.375000 0.375000 0.176750 
-0.312500 0.437500 0.265125 
-0.375000 0.500000 0.176750 
-0.250000 0.500000 0.353500 
-0.312500 0.562500 0.265125 
-0.312500 0.437500 0.265125 
-0.375000 0.625000 0.176750 
-0.375000 0.500000 0.176750 
-0.312500 0.562500 0.265125 
-0.312500 0.437500 0.265125 
-0.312500 0.562500 0.265125 
-0.375000 0.500000 0.176750 
0.000000 0.000000 0.707000 
0.000000 0.125000 0.707000 
-0.062500 0.062500 0.618625 
0.000000 0.250000 0.707000 
-0.062500 0.187500 0.618625 
0.000000 0.125000 0.707000 
-0.125000 0.125000 0.530250 
-0.062500 0.062500 0.618625 
-0.062500 0.187500 0.618625 
0.000000 0.125000 0.707000 
-0.062500 0.187500 0.618625 
-0.062500 0.062500 0.618625 
0.000000 0.500000 0.707000 
-0.062500 0.437500 0.618625 
0.000000 0.375000 0.707000 
-0.125000 0.375000 0.530250 
-0.062500 0.312500 0.618625 
-0.062500 0.437500 0.618625 
0.000000 0.250000 0.707000 
0.000000 0.375000 0.707000 
-0.062500 0.312500 0.618625 
-0.062500 0.437500 0.618625 
-0.062500 0.312500 0.618625 
0.000000 0.375000 0.707000 
-0.250000 0.250000 0.353500 
-0.187500 0.187500 0.441875 
-0.187500 0.312500 0.441875 
-0.125000 0.125000 0.530250 
-0.125000 0.250000 0.530250 
-0.187500 0.187500 0.441875 
-0.125000 0.375000 0.530250 
-0.187500 0.312500 0.441875 
-0.125000 0.250000 0.530250 
-0.187500 0.187500 0.441875 
-0.125000 0.250000 0.530250 
-0.187500 0.312500 0.441875 
0.000000 0.250000 0.707000 
-0.062500 0.312500 0.618625 
-0.062500 0.187500 0.618625 
-0.125000 0.375000 0.530250 
-0.125000 0.250000 0.530250 
-0.062500 0.312500 0.618625 
-0.125000 0.125000 0.530250 
-0.062500 0.187500 0.618625 
-0.125000 0.250000 0.530250 
-0.062500 0.312500 0.618625 
-0.125000 0.250000 0.530250 
-0.062500 0.187500 0.618625 
-0.250000 0.750000 0.353500 
-0.250000 0.625000 0.353500 
-0.187500 0.687500 0.441875 
-0.250000 0.500000 0.353500 
-0.187500 0.562500 0.441875 
-0.250000 0.625000 0.353500 
-0.125000 0.625000 0.530250 
-0.187500 0.687500 0.441875 
-0.187500 0.562500 0.441875 
-0.250000 0.625000 0.353500 
-0.187500 0.562500 0.441875 
-0.187500 0.687500 0.441875 
-0.250000 0.250000 0.353500 
-0.187500 0.312500 0.441875 
-0.250000 0.375000 0.353500 
-0.125000 0.375000 0.530250 
-0.187500 0.437500 0.441875 
-0.187500 0.312500 0.441875 
-0.250000 0.500000 0.353500 
-0.250000 0.375000 0.353500 
-0.187500 0.437500 0.441875 
-0.187500 0.312500 0.441875 
-0.187500 0.437500 0.441875 
-0.250000 0.375000 0.353500 
0.000000 0.500000 0.707000 
-0.062500 0.562500 0.618625 
-0.062500 0.437500 0.618625 
-0.125000 0.625000 0.530250 
-0.125000 0.500000 0.530250 
-0.062500 0.562500 0.618625 
-0.125000 0.375000 0.530250 
-0.062500 0.437500 0.618625 
-0.125000 0.500000 0.530250 
-0.062500 0.562500 0.618625 
-0.125000 0.500000 0.530250 
-0.062500 0.437500 0.618625 
-0.250000 0.500000 0.353500 
-0.187500 0.437500 0.441875 
-0.187500 0.562500 0.441875 
-0.125000 0.375000 0.530250 
-0.125000 0.500000 0.530250 
-0.187500 0.437500 0.441875 
-0.125000 0.625000 0.530250 
-0.187500 0.562500 0.441875 
-0.125000 0.500000 0.530250 
-0.187500 0.437500 0.441875 
-0.125000 0.500000 0.530250 
-0.187500 0.562500 0.441875 
-0.500000 -0.500000 0.000000 
-0.437500 -0.437500 0.088375 
-0.500000 -0.375000 0.000000 
-0.375000 -0.375000 0.176750 
-0.437500 -0.312500 0.088375 
-0.437500 -0.437500 0.088375 
-0.500000 -0.250000 0.000000 
-0.500000 -0.375000 0.000000 
-0.437500 -0.312500 0.088375 
-0.437500 -0.437500 0.088375 
-0.437500 -0.312500 0.088375 
-0.500000 -0.375000 0.000000 
-0.250000 -0.250000 0.353500 
-0.312500 -0.187500 0.265125 
-0.312500 -0.312500 0.265125 
-0.375000 -0.125000 0.176750 
-0.375000 -0.250000 0.176750 
-0.312500 -0.187500 0.265125 
-0.375000 -0.375000 0.176750 
-0.312500 -0.312500 0.265125 
-0.375000 -0.250000 0.176750 
-0.312500 -0.187500 0.265125 
-0.375000 -0.250000 0.176750 
-0.312500 -0.312500 0.265125 
-0.500000 0.000000 0.000000 
-0.500000 -0.125000 0.000000 
-0.437500 -0.062500 0.088375 
-0.500000 -0.250000 0.000000 
-0.437500 -0.187500 0.088375 
-0.500000 -0.125000 0.000000 
-0.375000 -0.125000 0.176750 
-0.437500 -0.062500 0.088375 
-0.437500 -0.187500 0.088375 
-0.500000 -0.125000 0.000000 
-0.437500 -0.187500 0.088375 
-0.437500 -0.062500 0.088375 
-0.375000 -0.375000 0.176750 
-0.375000 -0.250000 0.176750 
-0.437500 -0.312500 0.088375 
-0.375000 -0.125000 0.176750 
-0.437500 -0.187500 0.088375 
-0.375000 -0.250000 0.176750 
-0.500000 -0.250000 0.000000 
-0.437500 -0.312500 0.088375 
-0.437500 -0.187500 0.088375 
-0.375000 -0.250000 0.176750 
-0.437500 -0.187500 0.088375 
-0.437500 -0.312500 0.088375 
0.000000 0.000000 0.707000 
-0.062500 0.062500 0.618625 
-0.062500 -0.062500 0.618625 
-0.125000 0.125000 0.530250 
-0.125000 0.000000 0.530250 
-0.062500 0.062500 0.618625 
-0.125000 -0.125000 0.530250 
-0.062500 -0.062500 0.618625 
-0.125000 0.000000 0.530250 
-0.062500 0.062500 0.618625 
-0.125000 0.000000 0.530250 
-0.062500 -0.062500 0.618625 
-0.250000 0.250000 0.353500 
-0.250000 0.125000 0.353500 
-0.187500 0.187500 0.441875 
-0.250000 0.000000 0.353500 
-0.187500 0.062500 0.441875 
-0.250000 0.125000 0.353500 
-0.125000 0.125000 0.530250 
-0.187500 0.187500 0.441875 
-0.187500 0.062500 0.441875 
-0.250000 0.125000 0.353500 
-0.187500 0.062500 0.441875 
-0.187500 0.187500 0.441875 
-0.250000 -0.250000 0.353500 
-0.187500 -0.187500 0.441875 
-0.250000 -0.125000 0.353500 
-0.125000 -0.125000 0.530250 
-0.187500 -0.062500 0.441875 
-0.187500 -0.187500 0.441875 
-0.250000 0.000000 0.353500 
-0.250000 -0.125000 0.353500 
-0.187500 -0.062500 0.441875 
-0.187500 -0.187500 0.441875 
-0.187500 -0.062500 0.441875 
-0.250000 -0.125000 0.353500 
-0.125000 0.125000 0.530250 
-0.187500 0.062500 0.441875 
-0.125000 0.000000 0.530250 
-0.250000 0.000000 0.353500 
-0.187500 -0.062500 0.441875 
-0.187500 0.062500 0.441875 
-0.125000 -0.125000 0.530250 
-0.125000 0.000000 0.530250 
-0.187500 -0.062500 0.441875 
-0.187500 0.062500 0.441875 
-0.187500 -0.062500 0.441875 
-0.125000 0.000000 0.530250 
-0.500000 0.500000 0.000000 
-0.500000 0.375000 0.000000 
-0.437500 0.437500 0.088375 
-0.500000 0.250000 0.000000 
-0.437500 0.312500 0.088375 
-0.500000 0.375000 0.000000 
-0.375000 0.375000 0.176750 
-0.437500 0.437500 0.088375 
-0.437500 0.312500 0.088375 
-0.500000 0.375000 0.000000 
-0.437500 0.312500 0.088375 
-0.437500 0.437500 0.088375 
-0.500000 0.000000 0.000000 
-0.437500 0.062500 0.088375 
-0.500000 0.125000 0.000000 
-0.375000 0.125000 0.176750 
-0.437500 0.187500 0.088375 
-0.437500 0.062500 0.088375 
-0.500000 0.250000 0.000000 
-0.500000 0.125000 0.000000 
-0.437500 0.187500 0.088375 
-0.437500 0.062500 0.088375 
-0.437500 0.187500 0.088375 
-0.500000 0.125000 0.000000 
-0.250000 0.250000 0.353500 
-0.312500 0.312500 0.265125 
-0.312500 0.187500 0.265125 
-0.375000 0.375000 0.176750 
-0.375000 0.250000 0.176750 
-0.312500 0.312500 0.265125 
-0.375000 0.125000 0.176750 
-0.312500 0.187500 0.265125 
-0.375000 0.250000 0.176750 
-0.312500 0.312500 0.265125 
-0.375000 0.250000 0.176750 
-0.312500 0.187500 0.265125 
-0.500000 0.250000 0.000000 
-0.437500 0.187500 0.088375 
-0.437500 0.312500 0.088375 
-0.375000 0.125000 0.176750 
-0.375000 0.250000 0.176750 
-0.437500 0.187500 0.088375 
-0.375000 0.375000 0.176750 
-0.437500 0.312500 0.088375 
-0.375000 0.250000 0.176750 
-0.437500 0.187500 0.088375 
-0.375000 0.250000 0.176750 
-0.437500 0.312500 0.088375 
-0.250000 -0.250000 0.353500 
-0.250000 -0.125000 0.353500 
-0.312500 -0.187500 0.265125 
-0.250000 0.000000 0.353500 
-0.312500 -0.062500 0.265125 
-0.250000 -0.125000 0.353500 
-0.375000 -0.125000 0.176750 
-0.312500 -0.187500 0.265125 
-0.312500 -0.062500 0.265125 
-0.250000 -0.125000 0.353500 
-0.312500 -0.062500 0.265125 
-0.312500 -0.187500 0.265125 
-0.250000 0.250000 0.353500 
-0.312500 0.187500 0.265125 
-0.250000 0.125000 0.353500 
-0.375000 0.125000 0.176750 
-0.312500 0.062500 0.265125 
-0.312500 0.187500 0.265125 
-0.250000 0.000000 0.353500 
-0.250000 0.125000 0.353500 
-0.312500 0.062500 0.265125 
-0.312500 0.187500 0.265125 
-0.312500 0.062500 0.265125 
-0.250000 0.125000 0.353500 
-0.500000 0.000000 0.000000 
-0.437500 -0.062500 0.088375 
-0.437500 0.062500 0.088375 
-0.375000 -0.125000 0.176750 
-0.375000 0.000000 0.176750 
-0.437500 -0.062500 0.088375 
-0.375000 0.125000 0.176750 
-0.437500 0.062500 0.088375 
-0.375000 0.000000 0.176750 
-0.437500 -0.062500 0.088375 
-0.375000 0.000000 0.176750 
-0.437500 0.062500 0.088375 
-0.250000 0.000000 0.353500 
-0.312500 0.062500 0.265125 
-0.312500 -0.062500 0.265125 
-0.375000 0.125000 0.176750 
-0.375000 0.000000 0.176750 
-0.312500 0.062500 0.265125 
-0.375000 -0.125000 0.176750 
-0.312500 -0.062500 0.265125 
-0.375000 0.000000 0.176750 
-0.312500 0.062500 0.265125 
-0.375000 0.000000 0.176750 
-0.312500 -0.062500 0.265125 
-1.000000 0.000000 -0.707000 
-0.875000 0.000000 -0.707000 
-0.937500 -0.062500 -0.618625 
-0.750000 0.000000 -0.707000 
-0.812500 -0.062500 -0.618625 
-0.875000 0.000000 -0.707000 
-0.875000 -0.125000 -0.530250 
-0.937500 -0.062500 -0.618625 
-0.812500 -0.062500 -0.618625 
-0.875000 0.000000 -0.707000 
-0.812500 -0.062500 -0.618625 
-0.937500 -0.062500 -0.618625 
-0.500000 0.000000 -0.707000 
-0.562500 -0.062500 -0.618625 
-0.625000 0.000000 -0.707000 
-0.625000 -0.125000 -0.530250 
-0.687500 -0.062500 -0.618625 
-0.562500 -0.062500 -0.618625 
-0.750000 0.000000 -0.707000 
-0.625000 0.000000 -0.707000 
-0.687500 -0.062500 -0.618625 
-0.562500 -0.062500 -0.618625 
-0.687500 -0.062500 -0.618625 
-0.625000 0.000000 -0.707000 
-0.750000 -0.250000 -0.353500 
-0.812500 -0.187500 -0.441875 
-0.687500 -0.187500 -0.441875 
-0.875000 -0.125000 -0.530250 
-0.750000 -0.125000 -0.530250 
-0.812500 -0.187500 -0.441875 
-0.625000 -0.125000 -0.530250 
-0.687500 -0.187500 -0.441875 
-0.750000 -0.125000 -0.530250 
-0.812500 -0.187500 -0.441875 
-0.750000 -0.125000 -0.530250 
-0.687500 -0.187500 -0.441875 
-0.750000 0.000000 -0.707000 
-0.687500 -0.062500 -0.618625 
-0.812500 -0.062500 -0.618625 
-0.625000 -0.125000 -0.530250 
-0.750000 -0.125000 -0.530250 
-0.687500 -0.062500 -0.618625 
-0.875000 -0.125000 -0.530250 
-0.812500 -0.062500 -0.618625 
-0.750000 -0.125000 -0.530250 
-0.687500 -0.062500 -0.618625 
-0.750000 -0.125000 -0.530250 
-0.812500 -0.062500 -0.618625 
0.000000 0.000000 -0.707000 
-0.062500 -0.062500 -0.618625 
-0.125000 0.000000 -0.707000 
-0.125000 -0.125000 -0.530250 
-0.187500 -0.062500 -0.618625 
-0.062500 -0.062500 -0.618625 
-0.250000 0.000000 -0.707000 
-0.125000 0.000000 -0.707000 
-0.187500 -0.062500 -0.618625 
-0.062500 -0.062500 -0.618625 
-0.187500 -0.062500 -0.618625 
-0.125000 0.000000 -0.707000 
-0.250000 -0.250000 -0.353500 
-0.312500 -0.187500 -0.441875 
-0.187500 -0.187500 -0.441875 
-0.375000 -0.125000 -0.530250 
-0.250000 -0.125000 -0.530250 
-0.312500 -0.187500 -0.441875 
-0.125000 -0.125000 -0.530250 
-0.187500 -0.187500 -0.441875 
-0.250000 -0.125000 -0.530250 
-0.312500 -0.187500 -0.441875 
-0.250000 -0.125000 -0.530250 
-0.187500 -0.187500 -0.441875 
-0.500000 0.000000 -0.707000 
-0.375000 0.000000 -0.707000 
-0.437500 -0.062500 -0.618625 
-0.250000 0.000000 -0.707000 
-0.312500 -0.062500 -0.618625 
-0.375000 0.000000 -0.707000 
-0.375000 -0.125000 -0.530250 
-0.437500 -0.062500 -0.618625 
-0.312500 -0.062500 -0.618625 
-0.375000 0.000000 -0.707000 
-0.312500 -0.062500 -0.618625 
-0.437500 -0.062500 -0.618625 
-0.125000 -0.125000 -0.530250 
-0.250000 -0.125000 -0.530250 
-0.187500 -0.062500 -0.618625 
-0.375000 -0.125000 -0.530250 
-0.312500 -0.062500 -0.618625 
-0.250000 -0.125000 -0.530250 
-0.250000 0.000000 -0.707000 
-0.187500 -0.062500 -0.618625 
-0.312500 -0.062500 -0.618625 
-0.250000 -0.125000 -0.530250 
-0.312500 -0.062500 -0.618625 
-0.187500 -0.062500 -0.618625 
-0.500000 -0.500000 0.000000 
-0.562500 -0.437500 -0.088375 
-0.437500 -0.437500 -0.088375 
-0.625000 -0.375000 -0.176750 
-0.500000 -0.375000 -0.176750 
-0.562500 -0.437500 -0.088375 
-0.375000 -0.375000 -0.176750 
-0.437500 -0.437500 -0.088375 
-0.500000 -0.375000 -0.176750 
-0.562500 -0.437500 -0.088375 
-0.500000 -0.375000 -0.176750 
-0.437500 -0.437500 -0.088375 
-0.750000 -0.250000 -0.353500 
-0.625000 -0.250000 -0.353500 
-0.687500 -0.312500 -0.265125 
-0.500000 -0.250000 -0.353500 
-0.562500 -0.312500 -0.265125 
-0.625000 -0.250000 -0.353500 
-0.625000 -0.375000 -0.176750 
-0.687500 -0.312500 -0.265125 
-0.562500 -0.312500 -0.265125 
-0.625000 -0.250000 -0.353500 
-0.562500 -0.312500 -0.265125 
-0.687500 -0.312500 -0.265125 
-0.250000 -0.250000 -0.353500 
-0.312500 -0.312500 -0.265125 
-0.375000 -0.250000 -0.353500 
-0.375000 -0.375000 -0.176750 
-0.437500 -0.312500 -0.265125 
-0.312500 -0.312500 -0.265125 
-0.500000 -0.250000 -0.353500 
-0.375000 -0.250000 -0.353500 
-0.437500 -0.312500 -0.265125 
-0.312500 -0.312500 -0.265125 
-0.437500 -0.312500 -0.265125 
-0.375000 -0.250000 -0.353500 
-0.625000 -0.375000 -0.176750 
-0.562500 -0.312500 -0.265125 
-0.500000 -0.375000 -0.176750 
-0.500000 -0.250000 -0.353500 
-0.437500 -0.312500 -0.265125 
-0.562500 -0.312500 -0.265125 
-0.375000 -0.375000 -0.176750 
-0.500000 -0.375000 -0.176750 
-0.437500 -0.312500 -0.265125 
-0.562500 -0.312500 -0.265125 
-0.437500 -0.312500 -0.265125 
-0.500000 -0.375000 -0.176750 
-0.500000 0.000000 -0.707000 
-0.437500 -0.062500 -0.618625 
-0.562500 -0.062500 -0.618625 
-0.375000 -0.125000 -0.530250 
-0.500000 -0.125000 -0.530250 
-0.437500 -0.062500 -0.618625 
-0.625000 -0.125000 -0.530250 
-0.562500 -0.062500 -0.618625 
-0.500000 -0.125000 -0.530250 
-0.437500 -0.062500 -0.618625 
-0.500000 -0.125000 -0.530250 
-0.562500 -0.062500 -0.618625 
-0.250000 -0.250000 -0.353500 
-0.375000 -0.250000 -0.353500 
-0.312500 -0.187500 -0.441875 
-0.500000 -0.250000 -0.353500 
-0.437500 -0.187500 -0.441875 
-0.375000 -0.250000 -0.353500 
-0.375000 -0.125000 -0.530250 
-0.312500 -0.187500 -0.441875 
-0.437500 -0.187500 -0.441875 
-0.375000 -0.250000 -0.353500 
-0.437500 -0.187500 -0.441875 
-0.312500 -0.187500 -0.441875 
-0.750000 -0.250000 -0.353500 
-0.687500 -0.187500 -0.441875 
-0.625000 -0.250000 -0.353500 
-0.625000 -0.125000 -0.530250 
-0.562500 -0.187500 -0.441875 
-0.687500 -0.187500 -0.441875 
-0.500000 -0.250000 -0.353500 
-0.625000 -0.250000 -0.353500 
-0.562500 -0.187500 -0.441875 
-0.687500 -0.187500 -0.441875 
-0.562500 -0.187500 -0.441875 
-0.625000 -0.250000 -0.353500 
-0.375000 -0.125000 -0.530250 
-0.437500 -0.187500 -0.441875 
-0.500000 -0.125000 -0.530250 
-0.500000 -0.250000 -0.353500 
-0.562500 -0.187500 -0.441875 
-0.437500 -0.187500 -0.441875 
-0.625000 -0.125000 -0.530250 
-0.500000 -0.125000 -0.530250 
-0.562500 -0.187500 -0.441875 
-0.437500 -0.187500 -0.441875 
-0.562500 -0.187500 -0.441875 
-0.500000 -0.125000 -0.530250 
1.000000 0.000000 -0.707000 
0.937500 -0.062500 -0.618625 
0.875000 0.000000 -0.707000 
0.875000 -0.125000 -0.530250 
0.812500 -0.062500 -0.618625 
0.937500 -0.062500 -0.618625 
0.750000 0.000000 -0.707000 
0.875000 0.000000 -0.707000 
0.812500 -0.062500 -0.618625 
0.937500 -0.062500 -0.618625 
0.812500 -0.062500 -0.618625 
0.875000 0.000000 -0.707000 
0.750000 -0.250000 -0.353500 
0.687500 -0.187500 -0.441875 
0.812500 -0.187500 -0.441875 
0.625000 -0.125000 -0.530250 
0.750000 -0.125000 -0.530250 
0.687500 -0.187500 -0.441875 
0.875000 -0.125000 -0.530250 
0.812500 -0.187500 -0.441875 
0.750000 -0.125000 -0.530250 
0.687500 -0.187500 -0.441875 
0.750000 -0.125000 -0.530250 
0.812500 -0.187500 -0.441875 
0.500000 0.000000 -0.707000 
0.625000 0.000000 -0.707000 
0.562500 -0.062500 -0.618625 
0.750000 0.000000 -0.707000 
0.687500 -0.062500 -0.618625 
0.625000 0.000000 -0.707000 
0.625000 -0.125000 -0.530250 
0.562500 -0.062500 -0.618625 
0.687500 -0.062500 -0.618625 
0.625000 0.000000 -0.707000 
0.687500 -0.062500 -0.618625 
0.562500 -0.062500 -0.618625 
0.875000 -0.125000 -0.530250 
0.750000 -0.125000 -0.530250 
0.812500 -0.062500 -0.618625 
0.625000 -0.125000 -0.530250 
0.687500 -0.062500 -0.618625 
0.750000 -0.125000 -0.530250 
0.750000 0.000000 -0.707000 
0.812500 -0.062500 -0.618625 
0.687500 -0.062500 -0.618625 
0.750000 -0.125000 -0.530250 
0.687500 -0.062500 -0.618625 
0.812500 -0.062500 -0.618625 
0.500000 -0.500000 0.000000 
0.437500 -0.437500 -0.088375 
0.562500 -0.437500 -0.088375 
0.375000 -0.375000 -0.176750 
0.500000 -0.375000 -0.176750 
0.437500 -0.437500 -0.088375 
0.625000 -0.375000 -0.176750 
0.562500 -0.437500 -0.088375 
0.500000 -0.375000 -0.176750 
0.437500 -0.437500 -0.088375 
0.500000 -0.375000 -0.176750 
0.562500 -0.437500 -0.088375 
0.250000 -0.250000 -0.353500 
0.375000 -0.250000 -0.353500 
0.312500 -0.312500 -0.265125 
0.500000 -0.250000 -0.353500 
0.437500 -0.312500 -0.265125 
0.375000 -0.250000 -0.353500 
0.375000 -0.375000 -0.176750 
0.312500 -0.312500 -0.265125 
0.437500 -0.312500 -0.265125 
0.375000 -0.250000 -0.353500 
0.437500 -0.312500 -0.265125 
0.312500 -0.312500 -0.265125 
0.750000 -0.250000 -0.353500 
0.687500 -0.312500 -0.265125 
0.625000 -0.250000 -0.353500 
0.625000 -0.375000 -0.176750 
0.562500 -0.312500 -0.265125 
0.687500 -0.312500 -0.265125 
0.500000 -0.250000 -0.353500 
0.625000 -0.250000 -0.353500 
0.562500 -0.312500 -0.265125 
0.687500 -0.312500 -0.265125 
0.562500 -0.312500 -0.265125 
0.625000 -0.250000 -0.353500 
0.375000 -0.375000 -0.176750 
0.437500 -0.312500 -0.265125 
0.500000 -0.375000 -0.176750 
0.500000 -0.250000 -0.353500 
0.562500 -0.312500 -0.265125 
0.437500 -0.312500 -0.265125 
0.625000 -0.375000 -0.176750 
0.500000 -0.375000 -0.176750 
0.562500 -0.312500 -0.265125 
0.437500 -0.312500 -0.265125 
0.562500 -0.312500 -0.265125 
0.500000 -0.375000 -0.176750 
0.000000 0.000000 -0.707000 
0.125000 0.000000 -0.707000 
0.062500 -0.062500 -0.618625 
0.250000 0.000000 -0.707000 
0.187500 -0.062500 -0.618625 
0.125000 0.000000 -0.707000 
0.125000 -0.125000 -0.530250 
0.062500 -0.062500 -0.618625 
0.187500 -0.062500 -0.618625 
0.125000 0.000000 -0.707000 
0.187500 -0.062500 -0.618625 
0.062500 -0.062500 -0.618625 
0.500000 0.000000 -0.707000 
0.437500 -0.062500 -0.618625 
0.375000 0.000000 -0.707000 
0.375000 -0.125000 -0.530250 
0.312500 -0.062500 -0.618625 
0.437500 -0.062500 -0.618625 
0.250000 0.000000 -0.707000 
0.375000 0.000000 -0.707000 
0.312500 -0.062500 -0.618625 
0.437500 -0.062500 -0.618625 
0.312500 -0.062500 -0.618625 
0.375000 0.000000 -0.707000 
0.250000 -0.250000 -0.353500 
0.187500 -0.187500 -0.441875 
0.312500 -0.187500 -0.441875 
0.125000 -0.125000 -0.530250 
0.250000 -0.125000 -0.530250 
0.187500 -0.187500 -0.441875 
0.375000 -0.125000 -0.530250 
0.312500 -0.187500 -0.441875 
0.250000 -0.125000 -0.530250 
0.187500 -0.187500 -0.441875 
0.250000 -0.125000 -0.530250 
0.312500 -0.187500 -0.441875 
0.250000 0.000000 -0.707000 
0.312500 -0.062500 -0.618625 
0.187500 -0.062500 -0.618625 
0.375000 -0.125000 -0.530250 
0.250000 -0.125000 -0.530250 
0.312500 -0.062500 -0.618625 
0.125000 -0.125000 -0.530250 
0.187500 -0.062500 -0.618625 
0.250000 -0.125000 -0.530250 
0.312500 -0.062500 -0.618625 
0.250000 -0.125000 -0.530250 
0.187500 -0.062500 -0.618625 
0.750000 -0.250000 -0.353500 
0.625000 -0.250000 -0.353500 
0.687500 -0.187500 -0.441875 
0.500000 -0.250000 -0.353500 
0.562500 -0.187500 -0.441875 
0.625000 -0.250000 -0.353500 
0.625000 -0.125000 -0.530250 
0.687500 -0.187500 -0.441875 
0.562500 -0.187500 -0.441875 
0.625000 -0.250000 -0.353500 
0.562500 -0.187500 -0.441875 
0.687500 -0.187500 -0.441875 
0.250000 -0.250000 -0.353500 
0.312500 -0.187500 -0.441875 
0.375000 -0.250000 -0.353500 
0.375000 -0.125000 -0.530250 
0.437500 -0.187500 -0.441875 
0.312500 -0.187500 -0.441875 
0.500000 -0.250000 -0.353500 
0.375000 -0.250000 -0.353500 
0.437500 -0.187500 -0.441875 
0.312500 -0.187500 -0.441875 
0.437500 -0.187500 -0.441875 
0.375000 -0.250000 -0.353500 
0.500000 0.000000 -0.707000 
0.562500 -0.062500 -0.618625 
0.437500 -0.062500 -0.618625 
0.625000 -0.125000 -0.530250 
0.500000 -0.125000 -0.530250 
0.562500 -0.062500 -0.618625 
0.375000 -0.125000 -0.530250 
0.437500 -0.062500 -0.618625 
0.500000 -0.125000 -0.530250 
0.562500 -0.062500 -0.618625 
0.500000 -0.125000 -0.530250 
0.437500 -0.062500 -0.618625 
0.500000 -0.250000 -0.353500 
0.437500 -0.187500 -0.441875 
0.562500 -0.187500 -0.441875 
0.375000 -0.125000 -0.530250 
0.500000 -0.125000 -0.530250 
0.437500 -0.187500 -0.441875 
0.625000 -0.125000 -0.530250 
0.562500 -0.187500 -0.441875 
0.500000 -0.125000 -0.530250 
0.437500 -0.187500 -0.441875 
0.500000 -0.125000 -0.530250 
0.562500 -0.187500 -0.441875 
0.000000 -1.000000 0.707000 
-0.062500 -0.937500 0.618625 
0.062500 -0.937500 0.618625 
-0.125000 -0.875000 0.530250 
0.000000 -0.875000 0.530250 
-0.062500 -0.937500 0.618625 
0.125000 -0.875000 0.530250 
0.062500 -0.937500 0.618625 
0.000000 -0.875000 0.530250 
-0.062500 -0.937500 0.618625 
0.000000 -0.875000 0.530250 
0.062500 -0.937500 0.618625 
-0.250000 -0.750000 0.353500 
-0.125000 -0.750000 0.353500 
-0.187500 -0.812500 0.441875 
0.000000 -0.750000 0.353500 
-0.062500 -0.812500 0.441875 
-0.125000 -0.750000 0.353500 
-0.125000 -0.875000 0.530250 
-0.187500 -0.812500 0.441875 
-0.062500 -0.812500 0.441875 
-0.125000 -0.750000 0.353500 
-0.062500 -0.812500 0.441875 
-0.187500 -0.812500 0.441875 
0.250000 -0.750000 0.353500 
0.187500 -0.812500 0.441875 
0.125000 -0.750000 0.353500 
0.125000 -0.875000 0.530250 
0.062500 -0.812500 0.441875 
0.187500 -0.812500 0.441875 
0.000000 -0.750000 0.353500 
0.125000 -0.750000 0.353500 
0.062500 -0.812500 0.441875 
0.187500 -0.812500 0.441875 
0.062500 -0.812500 0.441875 
0.125000 -0.750000 0.353500 
-0.125000 -0.875000 0.530250 
-0.062500 -0.812500 0.441875 
0.000000 -0.875000 0.530250 
0.000000 -0.750000 0.353500 
0.062500 -0.812500 0.441875 
-0.062500 -0.812500 0.441875 
0.125000 -0.875000 0.530250 
0.000000 -0.875000 0.530250 
0.062500 -0.812500 0.441875 
-0.062500 -0.812500 0.441875 
0.062500 -0.812500 0.441875 
0.000000 -0.875000 0.530250 
-0.500000 -0.500000 0.000000 
-0.375000 -0.500000 0.000000 
-0.437500 -0.562500 0.088375 
-0.250000 -0.500000 0.000000 
-0.312500 -0.562500 0.088375 
-0.375000 -0.500000 0.000000 
-0.375000 -0.625000 0.176750 
-0.437500 -0.562500 0.088375 
-0.312500 -0.562500 0.088375 
-0.375000 -0.500000 0.000000 
-0.312500 -0.562500 0.088375 
-0.437500 -0.562500 0.088375 
0.000000 -0.500000 0.000000 
-0.062500 -0.562500 0.088375 
-0.125000 -0.500000 0.000000 
-0.125000 -0.625000 0.176750 
-0.187500 -0.562500 0.088375 
-0.062500 -0.562500 0.088375 
-0.250000 -0.500000 0.000000 
-0.125000 -0.500000 0.000000 
-0.187500 -0.562500 0.088375 
-0.062500 -0.562500 0.088375 
-0.187500 -0.562500 0.088375 
-0.125000 -0.500000 0.000000 
-0.250000 -0.750000 0.353500 
-0.312500 -0.687500 0.265125 
-0.187500 -0.687500 0.265125 
-0.375000 -0.625000 0.176750 
-0.250000 -0.625000 0.176750 
-0.312500 -0.687500 0.265125 
-0.125000 -0.625000 0.176750 
-0.187500 -0.687500 0.265125 
-0.250000 -0.625000 0.176750 
-0.312500 -0.687500 0.265125 
-0.250000 -0.625000 0.176750 
-0.187500 -0.687500 0.265125 
-0.250000 -0.500000 0.000000 
-0.187500 -0.562500 0.088375 
-0.312500 -0.562500 0.088375 
-0.125000 -0.625000 0.176750 
-0.250000 -0.625000 0.176750 
-0.187500 -0.562500 0.088375 
-0.375000 -0.625000 0.176750 
-0.312500 -0.562500 0.088375 
-0.250000 -0.625000 0.176750 
-0.187500 -0.562500 0.088375 
-0.250000 -0.625000 0.176750 
-0.312500 -0.562500 0.088375 
0.500000 -0.500000 0.000000 
0.437500 -0.562500 0.088375 
0.375000 -0.500000 0.000000 
0.375000 -0.625000 0.176750 
0.312500 -0.562500 0.088375 
0.437500 -0.562500 0.088375 
0.250000 -0.500000 0.000000 
0.375000 -0.500000 0.000000 
0.312500 -0.562500 0.088375 
0.437500 -0.562500 0.088375 
0.312500 -0.562500 0.088375 
0.375000 -0.500000 0.000000 
0.250000 -0.750000 0.353500 
0.187500 -0.687500 0.265125 
0.312500 -0.687500 0.265125 
0.125000 -0.625000 0.176750 
0.250000 -0.625000 0.176750 
0.187500 -0.687500 0.265125 
0.375000 -0.625000 0.176750 
0.312500 -0.687500 0.265125 
0.250000 -0.625000 0.176750 
0.187500 -0.687500 0.265125 
0.250000 -0.625000 0.176750 
0.312500 -0.687500 0.265125 
0.000000 -0.500000 0.000000 
0.125000 -0.500000 0.000000 
0.062500 -0.562500 0.088375 
0.250000 -0.500000 0.000000 
0.187500 -0.562500 0.088375 
0.125000 -0.500000 0.000000 
0.125000 -0.625000 0.176750 
0.062500 -0.562500 0.088375 
0.187500 -0.562500 0.088375 
0.125000 -0.500000 0.000000 
0.187500 -0.562500 0.088375 
0.062500 -0.562500 0.088375 
0.375000 -0.625000 0.176750 
0.250000 -0.625000 0.176750 
0.312500 -0.562500 0.088375 
0.125000 -0.625000 0.176750 
0.187500 -0.562500 0.088375 
0.250000 -0.625000 0.176750 
0.250000 -0.500000 0.000000 
0.312500 -0.562500 0.088375 
0.187500 -0.562500 0.088375 
0.250000 -0.625000 0.176750 
0.187500 -0.562500 0.088375 
0.312500 -0.562500 0.088375 
-0.250000 -0.750000 0.353500 
-0.187500 -0.687500 0.265125 
-0.125000 -0.750000 0.353500 
-0.125000 -0.625000 0.176750 
-0.062500 -0.687500 0.265125 
-0.187500 -0.687500 0.265125 
0.000000 -0.750000 0.353500 
-0.125000 -0.750000 0.353500 
-0.062500 -0.687500 0.265125 
-0.187500 -0.687500 0.265125 
-0.062500 -0.687500 0.265125 
-0.125000 -0.750000 0.353500 
0.000000 -0.500000 0.000000 
0.062500 -0.562500 0.088375 
-0.062500 -0.562500 0.088375 
0.125000 -0.625000 0.176750 
0.000000 -0.625000 0.176750 
0.062500 -0.562500 0.088375 
-0.125000 -0.625000 0.176750 
-0.062500 -0.562500 0.088375 
0.000000 -0.625000 0.176750 
0.062500 -0.562500 0.088375 
0.000000 -0.625000 0.176750 
-0.062500 -0.562500 0.088375 
0.250000 -0.750000 0.353500 
0.125000 -0.750000 0.353500 
0.187500 -0.687500 0.265125 
0.000000 -0.750000 0.353500 
0.062500 -0.687500 0.265125 
0.125000 -0.750000 0.353500 
0.125000 -0.625000 0.176750 
0.187500 -0.687500 0.265125 
0.062500 -0.687500 0.265125 
0.125000 -0.750000 0.353500 
0.062500 -0.687500 0.265125 
0.187500 -0.687500 0.265125 
-0.125000 -0.625000 0.176750 
0.000000 -0.625000 0.176750 
-0.062500 -0.687500 0.265125 
0.125000 -0.625000 0.176750 
0.062500 -0.687500 0.265125 
0.000000 -0.625000 0.176750 
0.000000 -0.750000 0.353500 
-0.062500 -0.687500 0.265125 
0.062500 -0.687500 0.265125 
0.000000 -0.625000 0.176750 
0.062500 -0.687500 0.265125 
-0.062500 -0.687500 0.265125 
0.000000 0.000000 -0.707000 
0.062500 -0.062500 -0.618625 
-0.062500 -0.062500 -0.618625 
0.125000 -0.125000 -0.530250 
0.000000 -0.125000 -0.530250 
0.062500 -0.062500 -0.618625 
-0.125000 -0.125000 -0.530250 
-0.062500 -0.062500 -0.618625 
0.000000 -0.125000 -0.530250 
0.062500 -0.062500 -0.618625 
0.000000 -0.125000 -0.530250 
-0.062500 -0.062500 -0.618625 
0.250000 -0.250000 -0.353500 
0.125000 -0.250000 -0.353500 
0.187500 -0.187500 -0.441875 
0.000000 -0.250000 -0.353500 
0.062500 -0.187500 -0.441875 
0.125000 -0.250000 -0.353500 
0.125000 -0.125000 -0.530250 
0.187500 -0.187500 -0.441875 
0.062500 -0.187500 -0.441875 
0.125000 -0.250000 -0.353500 
0.062500 -0.187500 -0.441875 
0.187500 -0.187500 -0.441875 
-0.250000 -0.250000 -0.353500 
-0.187500 -0.187500 -0.441875 
-0.125000 -0.250000 -0.353500 
-0.125000 -0.125000 -0.530250 
-0.062500 -0.187500 -0.441875 
-0.187500 -0.187500 -0.441875 
0.000000 -0.250000 -0.353500 
-0.125000 -0.250000 -0.353500 
-0.062500 -0.187500 -0.441875 
-0.187500 -0.187500 -0.441875 
-0.062500 -0.187500 -0.441875 
-0.125000 -0.250000 -0.353500 
0.125000 -0.125000 -0.530250 
0.062500 -0.187500 -0.441875 
0.000000 -0.125000 -0.530250 
0.000000 -0.250000 -0.353500 
-0.062500 -0.187500 -0.441875 
0.062500 -0.187500 -0.441875 
-0.125000 -0.125000 -0.530250 
0.000000 -0.125000 -0.530250 
-0.062500 -0.187500 -0.441875 
0.062500 -0.187500 -0.441875 
-0.062500 -0.187500 -0.441875 
0.000000 -0.125000 -0.530250 
0.500000 -0.500000 0.000000 
0.375000 -0.500000 0.000000 
0.437500 -0.437500 -0.088375 
0.250000 -0.500000 0.000000 
0.312500 -0.437500 -0.088375 
0.375000 -0.500000 0.000000 
0.375000 -0.375000 -0.176750 
0.437500 -0.437500 -0.088375 
0.312500 -0.437500 -0.088375 
0.375000 -0.500000 0.000000 
0.312500 -0.437500 -0.088375 
0.437500 -0.437500 -0.088375 
0.000000 -0.500000 0.000000 
0.062500 -0.437500 -0.088375 
0.125000 -0.500000 0.000000 
0.125000 -0.375000 -0.176750 
0.187500 -0.437500 -0.088375 
0.062500 -0.437500 -0.088375 
0.250000 -0.500000 0.000000 
0.125000 -0.500000 0.000000 
0.187500 -0.437500 -0.088375 
0.062500 -0.437500 -0.088375 
0.187500 -0.437500 -0.088375 
0.125000 -0.500000 0.000000 
0.250000 -0.250000 -0.353500 
0.312500 -0.312500 -0.265125 
0.187500 -0.312500 -0.265125 
0.375000 -0.375000 -0.176750 
0.250000 -0.375000 -0.176750 
0.312500 -0.312500 -0.265125 
0.125000 -0.375000 -0.176750 
0.187500 -0.312500 -0.265125 
0.250000 -0.375000 -0.176750 
0.312500 -0.312500 -0.265125 
0.250000 -0.375000 -0.176750 
0.187500 -0.312500 -0.265125 
0.250000 -0.500000 0.000000 
0.187500 -0.437500 -0.088375 
0.312500 -0.437500 -0.088375 
0.125000 -0.375000 -0.176750 
0.250000 -0.375000 -0.176750 
0.187500 -0.437500 -0.088375 
0.375000 -0.375000 -0.176750 
0.312500 -0.437500 -0.088375 
0.250000 -0.375000 -0.176750 
0.187500 -0.437500 -0.088375 
0.250000 -0.375000 -0.176750 
0.312500 -0.437500 -0.088375 
-0.500000 -0.500000 0.000000 
-0.437500 -0.437500 -0.088375 
-0.375000 -0.500000 0.000000 
-0.375000 -0.375000 -0.176750 
-0.312500 -0.437500 -0.088375 
-0.437500 -0.437500 -0.088375 
-0.250000 -0.500000 0.000000 
-0.375000 -0.500000 0.000000 
-0.312500 -0.437500 -0.088375 
-0.437500 -0.437500 -0.088375 
-0.312500 -0.437500 -0.088375 
-0.375000 -0.500000 0.000000 
-0.250000 -0.250000 -0.353500 
-0.187500 -0.312500 -0.265125 
-0.312500 -0.312500 -0.265125 
-0.125000 -0.375000 -0.176750 
-0.250000 -0.375000 -0.176750 
-0.187500 -0.312500 -0.265125 
-0.375000 -0.375000 -0.176750 
-0.312500 -0.312500 -0.265125 
-0.250000 -0.375000 -0.176750 
-0.187500 -0.312500 -0.265125 
-0.250000 -0.375000 -0.176750 
-0.312500 -0.312500 -0.265125 
0.000000 -0.500000 0.000000 
-0.125000 -0.500000 0.000000 
-0.062500 -0.437500 -0.088375 
-0.250000 -0.500000 0.000000 
-0.187500 -0.437500 -0.088375 
-0.125000 -0.500000 0.000000 
-0.125000 -0.375000 -0.176750 
-0.062500 -0.437500 -0.088375 
-0.187500 -0.437500 -0.088375 
-0.125000 -0.500000 0.000000 
-0.187500 -0.437500 -0.088375 
-0.062500 -0.437500 -0.088375 
-0.375000 -0.375000 -0.176750 
-0.250000 -0.375000 -0.176750 
-0.312500 -0.437500 -0.088375 
-0.125000 -0.375000 -0.176750 
-0.187500 -0.437500 -0.088375 
-0.250000 -0.375000 -0.176750 
-0.250000 -0.500000 0.000000 
-0.312500 -0.437500 -0.088375 
-0.187500 -0.437500 -0.088375 
-0.250000 -0.375000 -0.176750 
-0.187500 -0.437500 -0.088375 
-0.312500 -0.437500 -0.088375 
0.250000 -0.250000 -0.353500 
0.187500 -0.312500 -0.265125 
0.125000 -0.250000 -0.353500 
0.125000 -0.375000 -0.176750 
0.062500 -0.312500 -0.265125 
0.187500 -0.312500 -0.265125 
0.000000 -0.250000 -0.353500 
0.125000 -0.250000 -0.353500 
0.062500 -0.312500 -0.265125 
0.187500 -0.312500 -0.265125 
0.062500 -0.312500 -0.265125 
0.125000 -0.250000 -0.353500 
0.000000 -0.500000 0.000000 
-0.062500 -0.437500 -0.088375 
0.062500 -0.437500 -0.088375 
-0.125000 -0.375000 -0.176750 
0.000000 -0.375000 -0.176750 
-0.062500 -0.437500 -0.088375 
0.125000 -0.375000 -0.176750 
0.062500 -0.437500 -0.088375 
0.000000 -0.375000 -0.176750 
-0.062500 -0.437500 -0.088375 
0.000000 -0.375000 -0.176750 
0.062500 -0.437500 -0.088375 
-0.250000 -0.250000 -0.353500 
-0.125000 -0.250000 -0.353500 
-0.187500 -0.312500 -0.265125 
0.000000 -0.250000 -0.353500 
-0.062500 -0.312500 -0.265125 
-0.125000 -0.250000 -0.353500 
-0.125000 -0.375000 -0.176750 
-0.187500 -0.312500 -0.265125 
-0.062500 -0.312500 -0.265125 
-0.125000 -0.250000 -0.353500 
-0.062500 -0.312500 -0.265125 
-0.187500 -0.312500 -0.265125 
0.125000 -0.375000 -0.176750 
0.000000 -0.375000 -0.176750 
0.062500 -0.312500 -0.265125 
-0.125000 -0.375000 -0.176750 
-0.062500 -0.312500 -0.265125 
0.000000 -0.375000 -0.176750 
0.000000 -0.250000 -0.353500 
0.062500 -0.312500 -0.265125 
-0.062500 -0.312500 -0.265125 
0.000000 -0.375000 -0.176750 
-0.062500 -0.312500 -0.265125 
0.062500 -0.312500 -0.265125 
